
                  X             Displacement          Force      

                0.                 0.                 6.63639    
               33.3354E-06         6.66645E-03       98.2792     
               66.6683E-06        13.3291E-03       151.599      
              100.001E-06         19.9965E-03       342.046      
              133.333E-06         26.6729E-03       577.026      
              166.668E-06         33.3603E-03       556.285      
              200.001E-06         40.0372E-03       907.422      
              233.336E-06         46.7146E-03       966.356      
              266.668E-06         53.3915E-03       949.191      
              300.001E-06         60.0684E-03         1.10334E+03
              333.335E-06         66.7629E-03         1.2643E+03 
              366.668E-06         73.4675E-03         1.19353E+03
              400.001E-06         80.1721E-03         1.53894E+03
              433.335E-06         86.8772E-03         1.59506E+03
              466.668E-06         93.5817E-03         1.68473E+03
              500.001E-06        100.256E-03          1.7464E+03 
              533.335E-06        106.875E-03          1.85781E+03
              566.669E-06        113.494E-03          1.79283E+03
              600.001E-06        120.113E-03          1.98322E+03
              633.335E-06        126.719E-03          2.08843E+03
              666.667E-06        133.282E-03          2.11866E+03
              700.001E-06        139.847E-03          2.14544E+03
              733.335E-06        146.411E-03          2.17706E+03
              766.667E-06        152.975E-03          2.35464E+03
              800.001E-06        159.539E-03          2.34542E+03
              833.335E-06        166.103E-03          2.41501E+03
              866.667E-06        172.667E-03          2.42379E+03
              900.002E-06        179.286E-03          2.50629E+03
              933.335E-06        186.023E-03          2.52074E+03
              966.668E-06        192.76E-03           2.57717E+03
                1.E-03           199.496E-03          2.56037E+03
                1.03333E-03      206.233E-03          2.64339E+03
                1.06667E-03      212.97E-03           2.66724E+03
                1.1E-03          219.707E-03          2.67265E+03
                1.13333E-03      226.444E-03          2.70693E+03
                1.16667E-03      233.18E-03           2.7439E+03 
                1.2E-03          239.917E-03          2.74361E+03
                1.23333E-03      246.654E-03          2.77286E+03
                1.26667E-03      253.391E-03          2.78653E+03
                1.3E-03          260.128E-03          2.80267E+03
                1.33333E-03      266.865E-03          2.8262E+03 
                1.36667E-03      273.601E-03          2.82892E+03
                1.4E-03          280.338E-03          2.85205E+03
                1.43333E-03      287.075E-03          2.86902E+03
                1.46667E-03      293.812E-03          2.86937E+03
                1.5E-03          300.549E-03          2.88209E+03
                1.53334E-03      307.286E-03          2.89844E+03
                1.56667E-03      314.023E-03          2.90115E+03
                1.6E-03          320.759E-03          2.91155E+03
                1.63333E-03      327.496E-03          2.92109E+03
                1.66667E-03      334.233E-03          2.93099E+03
                1.7E-03          340.97E-03           2.93394E+03
                1.73333E-03      347.707E-03          2.9445E+03 
                1.76667E-03      354.443E-03          2.9523E+03 
                1.8E-03          361.18E-03           2.95346E+03
                1.83333E-03      367.783E-03          2.9613E+03 
                1.86667E-03      374.296E-03          2.97239E+03
                1.9E-03          380.808E-03          2.97747E+03
                1.93333E-03      387.32E-03           2.97861E+03
                1.96667E-03      393.98E-03           2.98724E+03
                2.E-03           400.854E-03          2.9911E+03 
                2.03333E-03      407.728E-03          2.99804E+03
                2.06667E-03      414.601E-03          3.00292E+03
                2.1E-03          421.476E-03          3.00647E+03
                2.13333E-03      428.35E-03           3.01408E+03
                2.16667E-03      435.223E-03          3.01714E+03
                2.2E-03          442.098E-03          3.02374E+03
                2.23333E-03      448.972E-03          3.0268E+03 
                2.26667E-03      455.845E-03          3.03235E+03
                2.3E-03          462.719E-03          3.03709E+03
                2.33333E-03      469.595E-03          3.0401E+03 
                2.36667E-03      476.468E-03          3.04503E+03
                2.4E-03          483.342E-03          3.04905E+03
                2.43334E-03      490.217E-03          3.05242E+03
                2.46667E-03      496.992E-03          3.05691E+03
                2.5E-03          503.628E-03          3.06095E+03
                2.53333E-03      510.265E-03          3.06453E+03
                2.56667E-03      516.903E-03          3.06865E+03
                2.6E-03          523.54E-03           3.07209E+03
                2.63333E-03      530.177E-03          3.07574E+03
                2.66667E-03      536.814E-03          3.07878E+03
                2.7E-03          543.451E-03          3.08267E+03
                2.73333E-03      550.088E-03          3.08607E+03
                2.76667E-03      556.725E-03          3.08972E+03
                2.8E-03          563.362E-03          3.09304E+03
                2.83333E-03      569.999E-03          3.09595E+03
                2.86667E-03      576.636E-03          3.09923E+03
                2.9E-03          583.273E-03          3.10246E+03
                2.93333E-03      589.91E-03           3.10578E+03
                2.96667E-03      596.547E-03          3.10883E+03
                3.E-03           603.184E-03          3.11179E+03
                3.03333E-03      609.821E-03          3.11477E+03
                3.06667E-03      616.459E-03          3.11775E+03
                3.1E-03          622.778E-03          3.12079E+03
                3.13334E-03      628.941E-03          3.12372E+03
                3.16667E-03      635.104E-03          3.12639E+03
                3.2E-03          641.266E-03          3.12941E+03
                3.23333E-03      647.43E-03           3.1322E+03 
                3.26667E-03      654.162E-03          3.13528E+03
                3.3E-03          661.095E-03          3.13847E+03
                3.33333E-03      668.029E-03          3.14145E+03
                3.36667E-03      674.961E-03          3.14443E+03
                3.4E-03          681.895E-03          3.14744E+03
                3.43333E-03      688.829E-03          3.1504E+03 
                3.46667E-03      695.762E-03          3.1533E+03 
                3.5E-03          702.695E-03          3.15614E+03
                3.53333E-03      709.629E-03          3.15905E+03
                3.56667E-03      716.562E-03          3.16182E+03
                3.6E-03          723.495E-03          3.1646E+03 
                3.63333E-03      730.428E-03          3.16739E+03
                3.66667E-03      737.362E-03          3.17017E+03
                3.7E-03          744.296E-03          3.17288E+03
                3.73333E-03      751.228E-03          3.1756E+03 
                3.76667E-03      757.939E-03          3.17824E+03
                3.8E-03          764.34E-03           3.18082E+03
                3.83333E-03      770.74E-03           3.18348E+03
                3.86667E-03      777.139E-03          3.18607E+03
                3.9E-03          783.539E-03          3.1886E+03 
                3.93333E-03      789.94E-03           3.19114E+03
                3.96667E-03      796.34E-03           3.19368E+03
                4.E-03           802.739E-03          3.19616E+03
                4.03333E-03      809.14E-03           3.19861E+03
                4.06667E-03      815.54E-03           3.20106E+03
                4.1E-03          821.94E-03           3.20352E+03
                4.13333E-03      828.34E-03           3.20591E+03
                4.16667E-03      834.74E-03           3.20828E+03
                4.2E-03          841.14E-03           3.21071E+03
                4.23333E-03      847.539E-03          3.21311E+03
                4.26667E-03      853.939E-03          3.21543E+03
                4.3E-03          860.34E-03           3.21778E+03
                4.33333E-03      866.74E-03           3.22016E+03
                4.36667E-03      873.14E-03           3.22251E+03
                4.4E-03          879.54E-03           3.22477E+03
                4.43333E-03      885.94E-03           3.22711E+03
                4.46667E-03      892.341E-03          3.22941E+03
                4.5E-03          898.74E-03           3.23161E+03
                4.53333E-03      905.14E-03           3.23382E+03
                4.56667E-03      911.54E-03           3.23603E+03
                4.6E-03          917.878E-03          3.23822E+03
                4.63333E-03      923.744E-03          3.24042E+03
                4.66667E-03      929.611E-03          3.24252E+03
                4.7E-03          935.478E-03          3.24469E+03
                4.73333E-03      941.345E-03          3.24679E+03
                4.76667E-03      947.212E-03          3.24894E+03
                4.8E-03          953.078E-03          3.25095E+03
                4.83333E-03      958.945E-03          3.25302E+03
                4.86667E-03      964.812E-03          3.25511E+03
                4.9E-03          970.677E-03          3.25717E+03
                4.93333E-03      976.544E-03          3.25914E+03
                4.96667E-03      982.411E-03          3.2612E+03 
                5.E-03           988.278E-03          3.26318E+03
                5.03333E-03      994.145E-03          3.26517E+03
                5.06667E-03        1.00001            3.2671E+03 
                5.1E-03            1.00588            3.26903E+03
                5.13333E-03        1.01175            3.271E+03  
                5.16667E-03        1.01761            3.27295E+03
                5.2E-03            1.02348            3.27484E+03
                5.23333E-03        1.0289             3.27684E+03
                5.26667E-03        1.03423            3.2787E+03 
                5.3E-03            1.03957            3.28066E+03
                5.33333E-03        1.0449             3.28249E+03
                5.36667E-03        1.05023            3.28444E+03
                5.4E-03            1.056              3.2865E+03 
                5.43333E-03        1.06311            3.28904E+03
                5.46667E-03        1.07022            3.29151E+03
                5.5E-03            1.07733            3.29409E+03
                5.53333E-03        1.08444            3.29669E+03
                5.56667E-03        1.09155            3.29921E+03
                5.6E-03            1.09866            3.3017E+03 
                5.63333E-03        1.10577            3.30426E+03
                5.66667E-03        1.11288            3.30676E+03
                5.7E-03            1.12               3.30919E+03
                5.73333E-03        1.12711            3.31164E+03
                5.76667E-03        1.13422            3.31415E+03
                5.8E-03            1.14133            3.31662E+03
                5.83333E-03        1.14844            3.31894E+03
                5.86667E-03        1.15555            3.32133E+03
                5.9E-03            1.16266            3.32378E+03
                5.93333E-03        1.16977            3.3262E+03 
                5.96667E-03        1.17688            3.32867E+03
                6.E-03             1.184              3.33108E+03
                6.03333E-03        1.19111            3.33349E+03
                6.06667E-03        1.19822            3.33599E+03
                6.1E-03            1.20533            3.33831E+03
                6.13333E-03        1.21244            3.3407E+03 
                6.16667E-03        1.21955            3.34316E+03
                6.2E-03            1.22666            3.34564E+03
                6.23333E-03        1.23377            3.34793E+03
                6.26667E-03        1.24088            3.3503E+03 
                6.3E-03            1.248              3.35275E+03
                6.33333E-03        1.25511            3.35522E+03
                6.36667E-03        1.26222            3.35761E+03
                6.4E-03            1.26933            3.36005E+03
                6.43333E-03        1.27644            3.36251E+03
                6.46667E-03        1.28355            3.36499E+03
                6.5E-03            1.29066            3.3675E+03 
                6.53333E-03        1.29777            3.36989E+03
                6.56667E-03        1.30489            3.3721E+03 
                6.6E-03            1.312              3.37452E+03
                6.63333E-03        1.31911            3.37708E+03
                6.66667E-03        1.32622            3.3791E+03 
                6.7E-03            1.33333            3.38175E+03
                6.73333E-03        1.34044            3.38436E+03
                6.76667E-03        1.34755            3.38625E+03
                6.8E-03            1.35466            3.38847E+03
                6.83333E-03        1.36177            3.39051E+03
                6.86667E-03        1.36888            3.39234E+03
                6.9E-03            1.37599            3.39473E+03
                6.93333E-03        1.38311            3.39638E+03
                6.96667E-03        1.39022            3.39903E+03
                7.E-03             1.39733            3.40207E+03
                7.03333E-03        1.40444            3.40439E+03
                7.06667E-03        1.41155            3.40611E+03
                7.1E-03            1.41866            3.40726E+03
                7.13333E-03        1.42577            3.40946E+03
                7.16667E-03        1.43288            3.41281E+03
                7.2E-03            1.44               3.41437E+03
                7.23333E-03        1.44711            3.4175E+03 
                7.26667E-03        1.45422            3.42035E+03
                7.3E-03            1.46133            3.42353E+03
                7.33333E-03        1.46844            3.4273E+03 
                7.36667E-03        1.47555            3.42898E+03
                7.4E-03            1.48266            3.43133E+03
                7.43333E-03        1.48977            3.43355E+03
                7.46667E-03        1.49689            3.43586E+03
                7.5E-03            1.504              3.43814E+03
                7.53333E-03        1.51111            3.43904E+03
                7.56667E-03        1.51822            3.44252E+03
                7.6E-03            1.52533            3.44242E+03
                7.63333E-03        1.53244            3.44565E+03
                7.66667E-03        1.53955            3.44816E+03
                7.7E-03            1.54666            3.44981E+03
                7.73333E-03        1.55377            3.44979E+03
                7.76667E-03        1.56088            3.45203E+03
                7.8E-03            1.568              3.4562E+03 
                7.83333E-03        1.574              3.45634E+03
                7.86667E-03        1.57933            3.4594E+03 
                7.9E-03            1.58466            3.46191E+03
                7.93333E-03        1.59               3.4629E+03 
                7.96667E-03        1.59533            3.46047E+03
                8.E-03             1.60066            3.46827E+03
                8.03333E-03        1.606              3.4682E+03 
                8.06667E-03        1.61133            3.46784E+03
                8.1E-03            1.61666            3.46889E+03
                8.13333E-03        1.62199            3.47157E+03
                8.16667E-03        1.62733            3.46998E+03
                8.2E-03            1.63266            3.47341E+03
                8.23333E-03        1.63799            3.47392E+03
                8.26667E-03        1.64333            3.47865E+03
                8.3E-03            1.64866            3.47869E+03
                8.33333E-03        1.65399            3.48142E+03
                8.36667E-03        1.65933            3.48197E+03
                8.4E-03            1.66466            3.48394E+03
                8.43333E-03        1.67               3.48737E+03
                8.46667E-03        1.67533            3.48834E+03
                8.5E-03            1.68066            3.48854E+03
                8.53333E-03        1.686              3.49242E+03
                8.56667E-03        1.69133            3.49272E+03
                8.6E-03            1.69666            3.49456E+03
                8.63333E-03        1.702              3.49476E+03
                8.66667E-03        1.70733            3.50016E+03
                8.7E-03            1.71266            3.50087E+03
                8.73333E-03        1.71799            3.50247E+03
                8.76667E-03        1.72333            3.50628E+03
                8.8E-03            1.72866            3.5073E+03 
                8.83333E-03        1.73399            3.51202E+03
                8.86667E-03        1.73933            3.50758E+03
                8.9E-03            1.74466            3.51132E+03
                8.93333E-03        1.74999            3.5128E+03 
                8.96667E-03        1.75533            3.51533E+03
                9.E-03             1.76066            3.51617E+03
                9.03333E-03        1.766              3.51984E+03
                9.06667E-03        1.77133            3.52068E+03
                9.1E-03            1.77666            3.52298E+03
                9.13333E-03        1.782              3.52427E+03
                9.16667E-03        1.78733            3.52617E+03
                9.2E-03            1.79266            3.5289E+03 
                9.23333E-03        1.798              3.52982E+03
                9.26667E-03        1.80333            3.53152E+03
                9.3E-03            1.80866            3.52991E+03
                9.33333E-03        1.814              3.53363E+03
                9.36667E-03        1.81933            3.53635E+03
                9.4E-03            1.82466            3.5353E+03 
                9.43333E-03        1.82999            3.53924E+03
                9.46667E-03        1.83533            3.53849E+03
                9.5E-03            1.84066            3.53958E+03
                9.53333E-03        1.84599            3.53987E+03
                9.56667E-03        1.85133            3.54552E+03
                9.6E-03            1.85666            3.54395E+03
                9.63333E-03        1.86199            3.54691E+03
                9.66667E-03        1.86733            3.5465E+03 
                9.7E-03            1.87266            3.54958E+03
                9.73333E-03        1.878              3.55392E+03
                9.76667E-03        1.88333            3.55062E+03
                9.8E-03            1.88866            3.5537E+03 
                9.83333E-03        1.894              3.55301E+03
                9.86667E-03        1.89933            3.55376E+03
                9.9E-03            1.90466            3.55682E+03
                9.93333E-03        1.91               3.55048E+03
                9.96667E-03        1.91533            3.55926E+03
               10.E-03             1.92174            3.55959E+03




