
                  X             Displacement          Force      

                0.                 0.                 6.67671    
               33.334E-06          6.6675E-03        96.7728     
               66.6678E-06        13.3321E-03       152.195      
              100.002E-06         20.0014E-03       345.622      
              133.334E-06         26.665E-03        577.713      
              166.667E-06         33.3557E-03       557.689      
              200.002E-06         40.0487E-03       911.744      
              233.334E-06         46.7413E-03       971.41       
              266.667E-06         53.4048E-03       951.351      
              300.002E-06         60.0544E-03         1.09785E+03
              333.335E-06         66.7036E-03         1.26129E+03
              366.667E-06         73.3528E-03         1.21336E+03
              400.002E-06         80.0025E-03         1.52057E+03
              433.335E-06         86.6517E-03         1.62088E+03
              466.667E-06         93.3008E-03         1.65171E+03
              500.E-06            99.9809E-03         1.69231E+03
              533.336E-06        106.718E-03          1.80799E+03
              566.669E-06        113.455E-03          1.74599E+03
              600.002E-06        120.192E-03          1.94136E+03
              633.335E-06        126.929E-03          2.01983E+03
              666.668E-06        133.665E-03          2.06214E+03
              700.001E-06        140.402E-03          2.06601E+03
              733.335E-06        147.139E-03          2.13357E+03
              766.668E-06        153.876E-03          2.15563E+03
              800.001E-06        160.613E-03          2.26625E+03
              833.334E-06        167.35E-03           2.25542E+03
              866.667E-06        174.086E-03          2.27576E+03
              900.001E-06        180.823E-03          2.31169E+03
              933.334E-06        187.56E-03           2.35459E+03
              966.667E-06        194.297E-03          2.35612E+03
                1.E-03           201.034E-03          2.37502E+03
                1.03333E-03      207.77E-03           2.40135E+03
                1.06667E-03      214.507E-03          2.42192E+03
                1.1E-03          221.245E-03          2.43857E+03
                1.13334E-03      227.981E-03          2.44162E+03
                1.16667E-03      234.718E-03          2.47477E+03
                1.2E-03          241.352E-03          2.47857E+03
                1.23333E-03      247.976E-03          2.48334E+03
                1.26667E-03      254.642E-03          2.49534E+03
                1.3E-03          261.378E-03          2.51674E+03
                1.33333E-03      268.115E-03          2.51449E+03
                1.36667E-03      274.852E-03          2.52793E+03
                1.4E-03          281.589E-03          2.53868E+03
                1.43333E-03      288.326E-03          2.54564E+03
                1.46667E-03      295.063E-03          2.55124E+03
                1.5E-03          301.8E-03            2.55896E+03
                1.53333E-03      308.39E-03           2.56551E+03
                1.56667E-03      314.903E-03          2.57009E+03
                1.6E-03          321.415E-03          2.57817E+03
                1.63333E-03      327.927E-03          2.58664E+03
                1.66667E-03      334.44E-03           2.59056E+03
                1.7E-03          340.952E-03          2.59286E+03
                1.73334E-03      347.464E-03          2.59958E+03
                1.76667E-03      353.977E-03          2.60509E+03
                1.8E-03          360.489E-03          2.61154E+03
                1.83333E-03      367.001E-03          2.61512E+03
                1.86667E-03      373.513E-03          2.61883E+03
                1.9E-03          380.025E-03          2.62324E+03
                1.93333E-03      386.538E-03          2.62807E+03
                1.96667E-03      393.197E-03          2.63127E+03
                2.E-03           400.071E-03          2.63544E+03
                2.03333E-03      406.945E-03          2.64089E+03
                2.06667E-03      413.819E-03          2.64451E+03
                2.1E-03          420.693E-03          2.64885E+03
                2.13333E-03      427.567E-03          2.65243E+03
                2.16667E-03      434.441E-03          2.65656E+03
                2.2E-03          441.315E-03          2.66003E+03
                2.23333E-03      448.104E-03          2.66372E+03
                2.26667E-03      454.741E-03          2.66625E+03
                2.3E-03          461.378E-03          2.67087E+03
                2.33333E-03      468.015E-03          2.67338E+03
                2.36667E-03      474.653E-03          2.67703E+03
                2.4E-03          481.289E-03          2.68093E+03
                2.43333E-03      487.926E-03          2.68386E+03
                2.46667E-03      494.564E-03          2.68699E+03
                2.5E-03          501.2E-03            2.68996E+03
                2.53333E-03      507.837E-03          2.69303E+03
                2.56667E-03      514.475E-03          2.69612E+03
                2.6E-03          521.112E-03          2.69912E+03
                2.63333E-03      527.749E-03          2.70211E+03
                2.66667E-03      534.386E-03          2.70515E+03
                2.7E-03          541.023E-03          2.70776E+03
                2.73333E-03      547.66E-03           2.71045E+03
                2.76667E-03      554.297E-03          2.71346E+03
                2.8E-03          560.934E-03          2.71629E+03
                2.83333E-03      567.571E-03          2.71908E+03
                2.86667E-03      573.99E-03           2.72153E+03
                2.9E-03          580.153E-03          2.72412E+03
                2.93334E-03      586.316E-03          2.72698E+03
                2.96667E-03      592.479E-03          2.72958E+03
                3.E-03           598.642E-03          2.73208E+03
                3.03333E-03      605.16E-03           2.73461E+03
                3.06667E-03      612.094E-03          2.73751E+03
                3.1E-03          619.027E-03          2.74022E+03
                3.13333E-03      625.961E-03          2.74305E+03
                3.16667E-03      632.893E-03          2.74574E+03
                3.2E-03          639.827E-03          2.74848E+03
                3.23333E-03      646.76E-03           2.75114E+03
                3.26667E-03      653.694E-03          2.75382E+03
                3.3E-03          660.627E-03          2.75654E+03
                3.33333E-03      667.561E-03          2.75911E+03
                3.36667E-03      674.494E-03          2.76164E+03
                3.4E-03          681.427E-03          2.76415E+03
                3.43333E-03      688.361E-03          2.76677E+03
                3.46667E-03      695.294E-03          2.7692E+03 
                3.5E-03          702.227E-03          2.77172E+03
                3.53333E-03      709.16E-03           2.77408E+03
                3.56667E-03      715.573E-03          2.77649E+03
                3.6E-03          721.973E-03          2.77889E+03
                3.63333E-03      728.374E-03          2.78125E+03
                3.66667E-03      734.773E-03          2.78363E+03
                3.7E-03          741.173E-03          2.78604E+03
                3.73333E-03      747.574E-03          2.78833E+03
                3.76667E-03      753.974E-03          2.79062E+03
                3.8E-03          760.373E-03          2.79288E+03
                3.83333E-03      766.773E-03          2.79517E+03
                3.86667E-03      773.174E-03          2.7974E+03 
                3.9E-03          779.574E-03          2.79959E+03
                3.93333E-03      785.973E-03          2.80177E+03
                3.96667E-03      792.374E-03          2.80392E+03
                4.E-03           798.774E-03          2.80612E+03
                4.03333E-03      805.173E-03          2.80822E+03
                4.06667E-03      811.573E-03          2.81038E+03
                4.1E-03          817.974E-03          2.81248E+03
                4.13333E-03      824.374E-03          2.81457E+03
                4.16667E-03      830.773E-03          2.81669E+03
                4.2E-03          837.174E-03          2.81879E+03
                4.23333E-03      843.574E-03          2.82092E+03
                4.26667E-03      849.973E-03          2.82302E+03
                4.3E-03          856.373E-03          2.82502E+03
                4.33333E-03      862.774E-03          2.82718E+03
                4.36667E-03      869.174E-03          2.82925E+03
                4.4E-03          875.573E-03          2.83123E+03
                4.43333E-03      881.973E-03          2.83335E+03
                4.46667E-03      888.374E-03          2.8352E+03 
                4.5E-03          894.774E-03          2.83731E+03
                4.53333E-03      901.173E-03          2.83933E+03
                4.56667E-03      907.527E-03          2.8412E+03 
                4.6E-03          913.394E-03          2.84318E+03
                4.63333E-03      919.259E-03          2.8451E+03 
                4.66667E-03      925.126E-03          2.84697E+03
                4.7E-03          930.992E-03          2.84878E+03
                4.73333E-03      936.859E-03          2.85079E+03
                4.76667E-03      942.726E-03          2.85257E+03
                4.8E-03          948.593E-03          2.85447E+03
                4.83333E-03      954.46E-03           2.8562E+03 
                4.86667E-03      960.327E-03          2.85803E+03
                4.9E-03          966.193E-03          2.85989E+03
                4.93333E-03      972.06E-03           2.86173E+03
                4.96667E-03      977.927E-03          2.86335E+03
                5.E-03           983.794E-03          2.86523E+03
                5.03333E-03      989.659E-03          2.86701E+03
                5.06667E-03      995.526E-03          2.8689E+03 
                5.1E-03            1.00139            2.87059E+03
                5.13333E-03        1.00726            2.87225E+03
                5.16667E-03        1.01313            2.87411E+03
                5.2E-03            1.01983            2.87614E+03
                5.23333E-03        1.02724            2.87845E+03
                5.26667E-03        1.03435            2.88077E+03
                5.3E-03            1.04146            2.8831E+03 
                5.33333E-03        1.04857            2.88531E+03
                5.36667E-03        1.05568            2.88773E+03
                5.4E-03            1.06279            2.89013E+03
                5.43333E-03        1.0699             2.89249E+03
                5.46667E-03        1.07701            2.89483E+03
                5.5E-03            1.08413            2.89712E+03
                5.53333E-03        1.09124            2.89941E+03
                5.56667E-03        1.09835            2.90169E+03
                5.6E-03            1.10546            2.90401E+03
                5.63333E-03        1.11257            2.90622E+03
                5.66667E-03        1.11968            2.90847E+03
                5.7E-03            1.12679            2.91079E+03
                5.73333E-03        1.1339             2.91307E+03
                5.76667E-03        1.14101            2.91532E+03
                5.8E-03            1.14813            2.91754E+03
                5.83333E-03        1.15524            2.91978E+03
                5.86667E-03        1.16235            2.922E+03  
                5.9E-03            1.16946            2.92419E+03
                5.93333E-03        1.17657            2.92643E+03
                5.96667E-03        1.18368            2.92878E+03
                6.E-03             1.19079            2.93101E+03
                6.03333E-03        1.1979             2.93321E+03
                6.06667E-03        1.20501            2.93543E+03
                6.1E-03            1.21213            2.93763E+03
                6.13333E-03        1.21924            2.93985E+03
                6.16667E-03        1.22635            2.94219E+03
                6.2E-03            1.23346            2.9444E+03 
                6.23333E-03        1.24057            2.94664E+03
                6.26667E-03        1.24768            2.94887E+03
                6.3E-03            1.25479            2.95106E+03
                6.33333E-03        1.2619             2.95331E+03
                6.36667E-03        1.26901            2.95564E+03
                6.4E-03            1.27613            2.95797E+03
                6.43333E-03        1.28324            2.96022E+03
                6.46667E-03        1.29035            2.96227E+03
                6.5E-03            1.29746            2.9645E+03 
                6.53333E-03        1.30457            2.96642E+03
                6.56667E-03        1.31168            2.96857E+03
                6.6E-03            1.31879            2.97069E+03
                6.63333E-03        1.3259             2.97278E+03
                6.66667E-03        1.33301            2.97455E+03
                6.7E-03            1.34013            2.97636E+03
                6.73333E-03        1.34724            2.97818E+03
                6.76667E-03        1.35435            2.97933E+03
                6.8E-03            1.36146            2.98284E+03
                6.83333E-03        1.36857            2.98488E+03
                6.86667E-03        1.37568            2.98699E+03
                6.9E-03            1.38279            2.98686E+03
                6.93333E-03        1.3899             2.98916E+03
                6.96667E-03        1.39701            2.99218E+03
                7.E-03             1.40413            2.99442E+03
                7.03333E-03        1.41124            2.99746E+03
                7.06667E-03        1.41835            2.99915E+03
                7.1E-03            1.42546            3.00176E+03
                7.13333E-03        1.43257            3.00303E+03
                7.16667E-03        1.43968            3.00592E+03
                7.2E-03            1.44679            3.0088E+03 
                7.23333E-03        1.4539             3.01097E+03
                7.26667E-03        1.46101            3.0134E+03 
                7.3E-03            1.46812            3.01532E+03
                7.33333E-03        1.47524            3.0178E+03 
                7.36667E-03        1.48235            3.01913E+03
                7.4E-03            1.48946            3.02114E+03
                7.43333E-03        1.49657            3.02301E+03
                7.46667E-03        1.50368            3.02466E+03
                7.5E-03            1.51079            3.02659E+03
                7.53333E-03        1.5179             3.02793E+03
                7.56667E-03        1.52501            3.02969E+03
                7.6E-03            1.53213            3.03051E+03
                7.63333E-03        1.53924            3.03637E+03
                7.66667E-03        1.54635            3.03494E+03
                7.7E-03            1.55346            3.03764E+03
                7.73333E-03        1.56057            3.04192E+03
                7.76667E-03        1.56768            3.04538E+03
                7.8E-03            1.57479            3.04306E+03
                7.83333E-03        1.58079            3.04715E+03
                7.86667E-03        1.58613            3.04929E+03
                7.9E-03            1.59146            3.04907E+03
                7.93333E-03        1.59679            3.05107E+03
                7.96667E-03        1.60213            3.05439E+03
                8.E-03             1.60746            3.05395E+03
                8.03333E-03        1.61279            3.05471E+03
                8.06667E-03        1.61813            3.05858E+03
                8.1E-03            1.62346            3.0586E+03 
                8.13333E-03        1.62879            3.06022E+03
                8.16667E-03        1.63413            3.06203E+03
                8.2E-03            1.63946            3.06435E+03
                8.23333E-03        1.64479            3.06577E+03
                8.26667E-03        1.65013            3.06912E+03
                8.3E-03            1.65546            3.07087E+03
                8.33333E-03        1.66079            3.07159E+03
                8.36667E-03        1.66612            3.07268E+03
                8.4E-03            1.67146            3.07618E+03
                8.43333E-03        1.67679            3.07565E+03
                8.46667E-03        1.68213            3.07782E+03
                8.5E-03            1.68746            3.08132E+03
                8.53333E-03        1.69279            3.08216E+03
                8.56667E-03        1.69813            3.0841E+03 
                8.6E-03            1.70346            3.0884E+03 
                8.63333E-03        1.70879            3.08597E+03
                8.66667E-03        1.71413            3.09217E+03
                8.7E-03            1.71946            3.09279E+03
                8.73333E-03        1.72479            3.09422E+03
                8.76667E-03        1.73013            3.09593E+03
                8.8E-03            1.73546            3.09565E+03
                8.83333E-03        1.74079            3.0979E+03 
                8.86667E-03        1.74612            3.10065E+03
                8.9E-03            1.75146            3.10094E+03
                8.93333E-03        1.75679            3.10245E+03
                8.96667E-03        1.76212            3.09958E+03
                9.E-03             1.76746            3.10284E+03
                9.03333E-03        1.77279            3.10752E+03
                9.06667E-03        1.77812            3.10904E+03
                9.1E-03            1.78346            3.109E+03  
                9.13333E-03        1.78879            3.11387E+03
                9.16667E-03        1.79413            3.11663E+03
                9.2E-03            1.79946            3.11454E+03
                9.23333E-03        1.80479            3.11679E+03
                9.26667E-03        1.81013            3.1171E+03 
                9.3E-03            1.81546            3.11995E+03
                9.33333E-03        1.82079            3.12114E+03
                9.36667E-03        1.82613            3.1202E+03 
                9.4E-03            1.83146            3.12342E+03
                9.43333E-03        1.83679            3.12302E+03
                9.46667E-03        1.84213            3.1241E+03 
                9.5E-03            1.84746            3.1243E+03 
                9.53333E-03        1.85279            3.12884E+03
                9.56667E-03        1.85812            3.12981E+03
                9.6E-03            1.86346            3.1309E+03 
                9.63333E-03        1.86879            3.1357E+03 
                9.66667E-03        1.87412            3.12948E+03
                9.7E-03            1.87946            3.13495E+03
                9.73333E-03        1.88479            3.13265E+03
                9.76667E-03        1.89013            3.1355E+03 
                9.8E-03            1.89546            3.13352E+03
                9.83333E-03        1.90079            3.13775E+03
                9.86667E-03        1.90779            3.14143E+03
                9.9E-03            1.91846            3.13977E+03
                9.93333E-03        1.92912            3.14149E+03
                9.96667E-03        1.93841            3.14139E+03
               10.E-03             1.94694            3.14663E+03




