
                  X             Displacement          Force      

                0.                 0.                 6.98305    
               50.0063E-06         7.50095E-03      874.308      
              100.006E-06         15.0002E-03         1.55759E+03
              150.006E-06         22.4982E-03         2.61888E+03
              200.006E-06         29.9933E-03         3.22814E+03
              250.002E-06         37.4893E-03         4.25045E+03
              300.001E-06         44.9993E-03         4.99694E+03
              350.007E-06         52.5104E-03         5.84275E+03
              400.005E-06         60.0204E-03         6.62414E+03
              450.004E-06         67.5199E-03         7.44682E+03
              500.E-06            75.0094E-03         8.22875E+03
              550.002E-06         82.4764E-03         8.86542E+03
              600.005E-06         89.9434E-03         9.72865E+03
              650.007E-06         97.4104E-03        10.3491E+03 
              700.002E-06        104.876E-03         10.8678E+03 
              750.004E-06        112.343E-03         11.4689E+03 
              800.006E-06        119.81E-03          12.0156E+03 
              850.001E-06        127.287E-03         12.4847E+03 
              900.E-06           134.794E-03         12.902E+03  
              950.001E-06        142.296E-03         13.2851E+03 
                1.E-03           149.797E-03         13.6444E+03 
                1.05E-03         157.299E-03         13.9739E+03 
                1.1E-03          164.801E-03         14.2684E+03 
                1.15E-03         172.302E-03         14.5303E+03 
                1.2E-03          179.804E-03         14.7747E+03 
                1.25E-03         187.306E-03         15.0148E+03 
                1.3E-03          194.808E-03         15.2093E+03 
                1.35001E-03      202.309E-03         15.3564E+03 
                1.40001E-03      209.811E-03         15.5112E+03 
                1.45001E-03      217.313E-03         15.6359E+03 
                1.50001E-03      224.814E-03         15.7483E+03 
                1.55001E-03      232.316E-03         15.8598E+03 
                1.6E-03          239.817E-03         15.9438E+03 
                1.65E-03         247.319E-03         16.0309E+03 
                1.7E-03          254.86E-03          16.1048E+03 
                1.75E-03         262.414E-03         16.1678E+03 
                1.8E-03          269.968E-03         16.2388E+03 
                1.85E-03         277.522E-03         16.2927E+03 
                1.9E-03          285.076E-03         16.3422E+03 
                1.95E-03         292.63E-03          16.3942E+03 
                2.E-03           300.07E-03          16.4371E+03 
                2.05001E-03      307.503E-03         16.4716E+03 
                2.1E-03          314.935E-03         16.5029E+03 
                2.15E-03         322.367E-03         16.5324E+03 
                2.2E-03          329.789E-03         16.5591E+03 
                2.25001E-03      337.356E-03         16.5836E+03 
                2.3E-03          344.929E-03         16.6056E+03 
                2.35E-03         352.502E-03         16.6251E+03 
                2.40001E-03      360.076E-03         16.6418E+03 
                2.45E-03         367.649E-03         16.6561E+03 
                2.5E-03          375.222E-03         16.6683E+03 
                2.55E-03         382.794E-03         16.6789E+03 
                2.60001E-03      390.262E-03         16.6875E+03 
                2.65E-03         397.728E-03         16.6946E+03 
                2.7E-03          405.195E-03         16.7004E+03 
                2.75E-03         412.661E-03         16.7046E+03 
                2.8E-03          420.129E-03         16.7073E+03 
                2.85E-03         427.585E-03         16.7088E+03 
                2.9E-03          434.944E-03         16.7089E+03 
                2.95E-03         442.35E-03          16.7076E+03 
                3.00001E-03      449.965E-03         16.7049E+03 
                3.05001E-03      457.579E-03         16.7011E+03 
                3.1E-03          465.183E-03         16.6961E+03 
                3.15E-03         472.687E-03         16.6899E+03 
                3.2E-03          480.19E-03          16.683E+03  
                3.25E-03         487.694E-03         16.6751E+03 
                3.3E-03          495.197E-03         16.6663E+03 
                3.35E-03         502.687E-03         16.6565E+03 
                3.40001E-03      510.191E-03         16.6458E+03 
                3.45001E-03      517.58E-03          16.6343E+03 
                3.5E-03          525.044E-03         16.6214E+03 
                3.55E-03         532.587E-03         16.6075E+03 
                3.6E-03          540.129E-03         16.5927E+03 
                3.65E-03         547.672E-03         16.5772E+03 
                3.70001E-03      555.216E-03         16.5606E+03 
                3.75E-03         562.758E-03         16.5433E+03 
                3.80001E-03      570.259E-03         16.5253E+03 
                3.85E-03         577.573E-03         16.5064E+03 
                3.9E-03          584.888E-03         16.4868E+03 
                3.95E-03         592.201E-03         16.4664E+03 
                4.E-03           599.516E-03         16.4453E+03 
                4.05001E-03      606.831E-03         16.4234E+03 
                4.1E-03          614.145E-03         16.4008E+03 
                4.15E-03         621.459E-03         16.3774E+03 
                4.2E-03          628.773E-03         16.3534E+03 
                4.25E-03         636.087E-03         16.3286E+03 
                4.3E-03          643.402E-03         16.3032E+03 
                4.35E-03         650.716E-03         16.2771E+03 
                4.4E-03          658.031E-03         16.2503E+03 
                4.45E-03         665.344E-03         16.2229E+03 
                4.5E-03          672.905E-03         16.1938E+03 
                4.55E-03         680.782E-03         16.1628E+03 
                4.6E-03          688.421E-03         16.1311E+03 
                4.65E-03         696.053E-03         16.0987E+03 
                4.7E-03          703.682E-03         16.0655E+03 
                4.75E-03         711.314E-03         16.0316E+03 
                4.8E-03          718.944E-03         15.9971E+03 
                4.85E-03         726.576E-03         15.9619E+03 
                4.90001E-03      734.207E-03         15.9259E+03 
                4.95E-03         741.837E-03         15.8894E+03 
                5.E-03           749.468E-03         15.8522E+03 
                5.05E-03         756.906E-03         15.8142E+03 
                5.1E-03          764.292E-03         15.7757E+03 
                5.15E-03         771.675E-03         15.7365E+03 
                5.2E-03          779.06E-03          15.6967E+03 
                5.25E-03         786.444E-03         15.6562E+03 
                5.3E-03          793.829E-03         15.615E+03  
                5.35001E-03      801.214E-03         15.5733E+03 
                5.4E-03          808.599E-03         15.5307E+03 
                5.45E-03         815.983E-03         15.4876E+03 
                5.5E-03          823.368E-03         15.4438E+03 
                5.55E-03         830.663E-03         15.3993E+03 
                5.6E-03          837.801E-03         15.3541E+03 
                5.65E-03         844.94E-03          15.3081E+03 
                5.7E-03          852.561E-03         15.2583E+03 
                5.75001E-03      860.294E-03         15.2069E+03 
                5.8E-03          868.027E-03         15.1546E+03 
                5.85E-03         875.76E-03          15.1013E+03 
                5.9E-03          883.494E-03         15.047E+03  
                5.95E-03         891.228E-03         14.9918E+03 
                6.E-03           898.922E-03         14.9362E+03 
                6.05E-03         906.389E-03         14.88E+03   
                6.10001E-03      913.856E-03         14.8236E+03 
                6.15E-03         921.22E-03          14.7667E+03 
                6.2E-03          928.421E-03         14.7095E+03 
                6.25E-03         936.215E-03         14.6471E+03 
                6.3E-03          943.836E-03         14.584E+03  
                6.35E-03         951.4E-03           14.5204E+03 
                6.4E-03          958.852E-03         14.4566E+03 
                6.45E-03         966.126E-03         14.3923E+03 
                6.5E-03          973.572E-03         14.3263E+03 
                6.55E-03         981.252E-03         14.2551E+03 
                6.6E-03          988.932E-03         14.1835E+03 
                6.65E-03         996.357E-03         14.1117E+03 
                6.7E-03            1.00352           14.0397E+03 
                6.75E-03           1.01057           13.9674E+03 
                6.8E-03            1.01839           13.8871E+03 
                6.85E-03           1.02621           13.8067E+03 
                6.9E-03            1.03383           13.7261E+03 
                6.95E-03           1.04094           13.6453E+03 
                7.E-03             1.04805           13.5647E+03 
                7.05E-03           1.05586           13.4763E+03 
                7.1E-03            1.06386           13.3856E+03 
                7.15E-03           1.0713            13.2951E+03 
                7.2E-03            1.0785            13.2047E+03 
                7.25E-03           1.0857            13.1146E+03 
                7.3E-03            1.09299           13.0236E+03 
                7.35E-03           1.10121           12.9211E+03 
                7.4E-03            1.10885           12.8189E+03 
                7.45E-03           1.11616           12.7173E+03 
                7.5E-03            1.12348           12.6161E+03 
                7.55E-03           1.13079           12.5155E+03 
                7.6E-03            1.13811           12.4153E+03 
                7.65E-03           1.14608           12.3069E+03 
                7.7E-03            1.15368           12.1916E+03 
                7.75E-03           1.16114           12.0774E+03 
                7.8E-03            1.16861           11.9639E+03 
                7.85E-03           1.17608           11.8512E+03 
                7.9E-03            1.18354           11.7398E+03 
                7.95E-03           1.19101           11.6296E+03 
                8.E-03             1.19829           11.5203E+03 
                8.05E-03           1.20469           11.4122E+03 
                8.1E-03            1.21109           11.3052E+03 
                8.15E-03           1.21749           11.1993E+03 
                8.2E-03            1.22389           11.0947E+03 
                8.25E-03           1.23029           10.9909E+03 
                8.3E-03            1.2386            10.858E+03  
                8.35E-03           1.2482            10.707E+03  
                8.4E-03            1.25769           10.5592E+03 
                8.45E-03           1.26569           10.4137E+03 
                8.5E-03            1.27369           10.2708E+03 
                8.55E-03           1.28169           10.1307E+03 
                8.6E-03            1.28969            9.99327E+03
                8.65E-03           1.29769            9.85759E+03
                8.7E-03            1.30569            9.72426E+03
                8.75E-03           1.31369            9.59531E+03
                8.8E-03            1.32169            9.47056E+03
                8.85E-03           1.32969            9.34792E+03
                8.9E-03            1.33717            9.22755E+03
                8.95E-03           1.34357            9.10909E+03
                9.E-03             1.34997            8.9923E+03 
                9.05E-03           1.35637            8.87888E+03
                9.1E-03            1.36277            8.76775E+03
                9.15E-03           1.36917            8.65858E+03
                9.2E-03            1.37557            8.55358E+03
                9.25E-03           1.38197            8.45126E+03
                9.3E-03            1.38837            8.35107E+03
                9.35E-03           1.39477            8.25323E+03
                9.4E-03            1.40117            8.15766E+03
                9.45E-03           1.40757            8.06507E+03
                9.5E-03            1.41397            7.97458E+03
                9.55E-03           1.42037            7.88698E+03
                9.6E-03            1.42677            7.80154E+03
                9.65E-03           1.43317            7.7191E+03 
                9.7E-03            1.43957            7.63789E+03
                9.75E-03           1.44597            7.55835E+03
                9.8E-03            1.45526            7.42501E+03
                9.85E-03           1.46486            7.27567E+03
                9.9E-03            1.47446            7.13368E+03
                9.95E-03           1.48407            6.99996E+03
               10.E-03             1.49366            6.87432E+03




