
                  X             Displacement          Force      

                0.                 0.                 5.32051    
               50.0023E-06         9.99966E-03        1.01007E+03
              100.002E-06         19.9956E-03         2.14697E+03
              150.004E-06         29.9964E-03         2.94566E+03
              200.E-06            40.0076E-03         4.13923E+03
              250.004E-06         50.0207E-03         5.04602E+03
              300.001E-06         60.029E-03          6.10368E+03
              350.004E-06         70.0398E-03         7.12997E+03
              400.001E-06         80.0516E-03         7.8889E+03 
              450.004E-06         90.0647E-03         8.93839E+03
              500.E-06           100.066E-03          9.58649E+03
              550.002E-06        110.035E-03         10.3798E+03 
              600.004E-06        120.003E-03         11.0728E+03 
              650.002E-06        130.015E-03         11.6182E+03 
              700.005E-06        140.072E-03         12.1149E+03 
              750.001E-06        150.129E-03         12.5933E+03 
              800.004E-06        160.187E-03         13.0282E+03 
              850.006E-06        170.244E-03         13.4196E+03 
              900.003E-06        180.301E-03         13.7634E+03 
              950.005E-06        190.358E-03         14.0242E+03 
                1.E-03           200.415E-03         14.2601E+03 
                1.05E-03         210.472E-03         14.461E+03  
                1.1E-03          220.529E-03         14.5931E+03 
                1.15E-03         230.586E-03         14.7503E+03 
                1.20001E-03      240.644E-03         14.876E+03  
                1.25E-03         250.69E-03          14.9829E+03 
                1.3E-03          260.748E-03         15.0875E+03 
                1.35E-03         270.804E-03         15.1747E+03 
                1.4E-03          280.862E-03         15.2469E+03 
                1.45001E-03      290.919E-03         15.3109E+03 
                1.5E-03          300.976E-03         15.3706E+03 
                1.55001E-03      311.033E-03         15.426E+03  
                1.6E-03          321.09E-03          15.4762E+03 
                1.65E-03         331.147E-03         15.5214E+03 
                1.7E-03          341.204E-03         15.562E+03  
                1.75E-03         351.261E-03         15.5977E+03 
                1.80001E-03      361.319E-03         15.6304E+03 
                1.85E-03         371.376E-03         15.6609E+03 
                1.9E-03          381.433E-03         15.6888E+03 
                1.95E-03         391.466E-03         15.7134E+03 
                2.E-03           401.409E-03         15.7357E+03 
                2.05001E-03      411.352E-03         15.7562E+03 
                2.1E-03          421.295E-03         15.7745E+03 
                2.15E-03         431.238E-03         15.7909E+03 
                2.2E-03          441.18E-03          15.8059E+03 
                2.25E-03         451.124E-03         15.8191E+03 
                2.3E-03          461.065E-03         15.8309E+03 
                2.35E-03         471.009E-03         15.8414E+03 
                2.40001E-03      480.953E-03         15.8505E+03 
                2.45E-03         490.894E-03         15.8585E+03 
                2.5E-03          500.891E-03         15.8652E+03 
                2.55E-03         510.948E-03         15.8708E+03 
                2.6E-03          521.005E-03         15.8753E+03 
                2.65001E-03      531.063E-03         15.8788E+03 
                2.7E-03          541.119E-03         15.8814E+03 
                2.75E-03         551.177E-03         15.8829E+03 
                2.8E-03          561.234E-03         15.8836E+03 
                2.85E-03         571.291E-03         15.8833E+03 
                2.9E-03          581.347E-03         15.8822E+03 
                2.95E-03         591.405E-03         15.8803E+03 
                3.00001E-03      601.463E-03         15.8776E+03 
                3.05E-03         611.519E-03         15.8742E+03 
                3.1E-03          621.577E-03         15.87E+03   
                3.15E-03         631.634E-03         15.8652E+03 
                3.2E-03          641.691E-03         15.8595E+03 
                3.25001E-03      651.749E-03         15.8532E+03 
                3.3E-03          661.805E-03         15.8461E+03 
                3.35E-03         671.863E-03         15.8383E+03 
                3.4E-03          681.919E-03         15.8299E+03 
                3.45E-03         691.977E-03         15.8207E+03 
                3.5E-03          702.034E-03         15.811E+03  
                3.55E-03         712.091E-03         15.8005E+03 
                3.60001E-03      722.149E-03         15.7894E+03 
                3.65E-03         732.205E-03         15.7778E+03 
                3.7E-03          742.263E-03         15.7655E+03 
                3.75E-03         752.319E-03         15.7526E+03 
                3.8E-03          762.376E-03         15.7391E+03 
                3.85001E-03      772.434E-03         15.7251E+03 
                3.9E-03          782.49E-03          15.7105E+03 
                3.95E-03         792.549E-03         15.6953E+03 
                4.E-03           802.605E-03         15.6795E+03 
                4.05E-03         812.636E-03         15.6633E+03 
                4.10001E-03      822.464E-03         15.6464E+03 
                4.15E-03         832.292E-03         15.6291E+03 
                4.20001E-03      842.121E-03         15.6113E+03 
                4.25E-03         851.949E-03         15.593E+03  
                4.3E-03          861.778E-03         15.5743E+03 
                4.35E-03         871.606E-03         15.5551E+03 
                4.4E-03          881.435E-03         15.5354E+03 
                4.45001E-03      891.265E-03         15.5153E+03 
                4.5E-03          901.093E-03         15.4948E+03 
                4.55E-03         910.751E-03         15.4737E+03 
                4.6E-03          920.35E-03          15.4523E+03 
                4.65E-03         929.951E-03         15.4304E+03 
                4.7E-03          939.818E-03         15.4074E+03 
                4.75E-03         950.157E-03         15.3827E+03 
                4.8E-03          960.495E-03         15.3576E+03 
                4.85E-03         970.833E-03         15.3319E+03 
                4.9E-03          981.171E-03         15.3056E+03 
                4.95E-03         991.511E-03         15.2788E+03 
                5.E-03             1.00185           15.2515E+03 
                5.05E-03           1.01219           15.2235E+03 
                5.1E-03            1.02253           15.195E+03  
                5.15E-03           1.03286           15.166E+03  
                5.20001E-03        1.0432            15.1363E+03 
                5.25E-03           1.05354           15.106E+03  
                5.3E-03            1.06361           15.0752E+03 
                5.35E-03           1.07345           15.0437E+03 
                5.4E-03            1.0833            15.0115E+03 
                5.45E-03           1.09314           14.9788E+03 
                5.5E-03            1.10299           14.9454E+03 
                5.55E-03           1.11283           14.9112E+03 
                5.6E-03            1.12268           14.8764E+03 
                5.65001E-03        1.13253           14.8409E+03 
                5.7E-03            1.14237           14.8046E+03 
                5.75E-03           1.15222           14.7675E+03 
                5.8E-03            1.16206           14.7296E+03 
                5.85E-03           1.17191           14.691E+03  
                5.9E-03            1.18176           14.6514E+03 
                5.95E-03           1.1916            14.611E+03  
                6.E-03             1.20145           14.5696E+03 
                6.05E-03           1.2113            14.5273E+03 
                6.10001E-03        1.22114           14.4839E+03 
                6.15E-03           1.23099           14.4396E+03 
                6.20001E-03        1.24084           14.3942E+03 
                6.25E-03           1.25068           14.3478E+03 
                6.3E-03            1.26084           14.2973E+03 
                6.35E-03           1.27097           14.2453E+03 
                6.4E-03            1.28111           14.1928E+03 
                6.45E-03           1.29124           14.1396E+03 
                6.5E-03            1.30101           14.0859E+03 
                6.55E-03           1.31061           14.0317E+03 
                6.6E-03            1.32072           13.974E+03  
                6.65E-03           1.33119           13.9138E+03 
                6.7E-03            1.34115           13.853E+03  
                6.75E-03           1.35104           13.7917E+03 
                6.8E-03            1.36094           13.73E+03   
                6.85E-03           1.37072           13.668E+03  
                6.9E-03            1.3808            13.6003E+03 
                6.95E-03           1.39104           13.5313E+03 
                7.E-03             1.40128           13.4619E+03 
                7.05E-03           1.4111            13.3923E+03 
                7.1E-03            1.4207            13.3224E+03 
                7.15E-03           1.4306            13.2502E+03 
                7.2E-03            1.44118           13.1723E+03 
                7.25E-03           1.45113           13.0941E+03 
                7.3E-03            1.46109           13.016E+03  
                7.35E-03           1.47104           12.9377E+03 
                7.4E-03            1.48058           12.8595E+03 
                7.45E-03           1.49072           12.7737E+03 
                7.5E-03            1.50112           12.6859E+03 
                7.55E-03           1.51148           12.5982E+03 
                7.6E-03            1.52109           12.5107E+03 
                7.65E-03           1.53069           12.4236E+03 
                7.7E-03            1.54048           12.3351E+03 
                7.75E-03           1.55105           12.2368E+03 
                7.8E-03            1.5611            12.1392E+03 
                7.85E-03           1.57171           12.0373E+03 
                7.9E-03            1.58331           11.9256E+03 
                7.95E-03           1.59397           11.8153E+03 
                8.E-03             1.60464           11.7064E+03 
                8.05E-03           1.61531           11.5988E+03 
                8.1E-03            1.62545           11.4927E+03 
                8.15E-03           1.63505           11.3879E+03 
                8.2E-03            1.64465           11.2844E+03 
                8.25E-03           1.65425           11.1825E+03 
                8.3E-03            1.66385           11.0823E+03 
                8.35E-03           1.67245           10.9836E+03 
                8.4E-03            1.68099           10.8863E+03 
                8.45E-03           1.68952           10.7906E+03 
                8.5E-03            1.69812           10.6954E+03 
                8.55E-03           1.71092           10.5568E+03 
                8.6E-03            1.7227            10.4216E+03 
                8.65E-03           1.7339            10.2892E+03 
                8.7E-03            1.7451            10.1601E+03 
                8.75E-03           1.7563            10.0347E+03 
                8.8E-03            1.7675             9.91309E+03
                8.85E-03           1.77846            9.79452E+03
                8.9E-03            1.78806            9.67861E+03
                8.95E-03           1.79766            9.56553E+03
                9.E-03             1.80726            9.45572E+03
                9.05E-03           1.81686            9.34876E+03
                9.1E-03            1.82646            9.24434E+03
                9.15E-03           1.83606            9.14274E+03
                9.2E-03            1.84566            9.04323E+03
                9.25E-03           1.85526            8.94628E+03
                9.3E-03            1.86359            8.85138E+03
                9.35E-03           1.8716             8.75859E+03
                9.4E-03            1.87959            8.66792E+03
                9.45E-03           1.8876             8.57893E+03
                9.5E-03            1.89559            8.49143E+03
                9.55E-03           1.90359            8.40553E+03
                9.6E-03            1.91159            8.32101E+03
                9.65E-03           1.91959            8.23833E+03
                9.7E-03            1.9276             8.15712E+03
                9.75E-03           1.93559            8.0776E+03 
                9.8E-03            1.94762            7.96116E+03
                9.85E-03           1.96276            7.81084E+03
                9.9E-03            1.97556            7.66609E+03
                9.95E-03           1.98836            7.52891E+03
               10.E-03             2.00116            7.39933E+03




