
                  X             Displacement          Force      

                0.                 0.                 6.92477    
               50.0071E-06         7.5003E-03       875.161      
              100.003E-06         15.0021E-03         1.55496E+03
              150.007E-06         22.4987E-03         2.61861E+03
              200.004E-06         29.9909E-03         3.17738E+03
              250.004E-06         37.491E-03          4.14358E+03
              300.001E-06         45.0047E-03         4.75676E+03
              350.005E-06         52.5195E-03         5.39582E+03
              400.002E-06         60.0332E-03         6.04357E+03
              450.007E-06         67.548E-03          6.72388E+03
              500.E-06            75.0542E-03         7.39515E+03
              550.005E-06         82.5388E-03         8.06258E+03
              600.002E-06         90.0223E-03         8.73026E+03
              650.007E-06         97.5068E-03         9.36737E+03
              700.004E-06        104.99E-03           9.96433E+03
              750.002E-06        112.474E-03         10.5306E+03 
              800.006E-06        119.958E-03         11.0587E+03 
              850.004E-06        127.442E-03         11.5364E+03 
              900.001E-06        134.925E-03         11.9815E+03 
              950.006E-06        142.41E-03          12.3842E+03 
                1.E-03           149.893E-03         12.7516E+03 
                1.05E-03         157.377E-03         13.0825E+03 
                1.1E-03          164.861E-03         13.3897E+03 
                1.15E-03         172.345E-03         13.6609E+03 
                1.20001E-03      179.829E-03         13.9358E+03 
                1.25E-03         187.313E-03         14.2042E+03 
                1.3E-03          194.796E-03         14.4203E+03 
                1.35001E-03      202.281E-03         14.6297E+03 
                1.4E-03          209.764E-03         14.8335E+03 
                1.45E-03         217.248E-03         14.9926E+03 
                1.50001E-03      224.732E-03         15.1628E+03 
                1.55E-03         232.216E-03         15.2947E+03 
                1.6E-03          239.699E-03         15.4331E+03 
                1.65E-03         247.184E-03         15.562E+03  
                1.7E-03          254.626E-03         15.6656E+03 
                1.75001E-03      262.059E-03         15.782E+03  
                1.8E-03          269.491E-03         15.8854E+03 
                1.85E-03         276.922E-03         15.9687E+03 
                1.90001E-03      284.355E-03         16.0504E+03 
                1.95E-03         291.787E-03         16.1312E+03 
                2.E-03           299.219E-03         16.2063E+03 
                2.05E-03         306.652E-03         16.2729E+03 
                2.1E-03          314.084E-03         16.3326E+03 
                2.15001E-03      321.517E-03         16.3878E+03 
                2.2E-03          328.949E-03         16.4394E+03 
                2.25E-03         336.381E-03         16.4873E+03 
                2.30001E-03      343.814E-03         16.5309E+03 
                2.35E-03         351.245E-03         16.5702E+03 
                2.4E-03          358.677E-03         16.6058E+03 
                2.45001E-03      366.11E-03          16.6376E+03 
                2.5E-03          373.542E-03         16.6658E+03 
                2.55E-03         380.974E-03         16.6898E+03 
                2.6E-03          388.407E-03         16.7097E+03 
                2.65E-03         395.839E-03         16.7284E+03 
                2.70001E-03      403.272E-03         16.7454E+03 
                2.75E-03         410.704E-03         16.7611E+03 
                2.8E-03          418.135E-03         16.7736E+03 
                2.85001E-03      425.568E-03         16.7824E+03 
                2.9E-03          432.996E-03         16.7895E+03 
                2.95E-03         440.569E-03         16.7954E+03 
                3.E-03           448.142E-03         16.7996E+03 
                3.05001E-03      455.716E-03         16.8017E+03 
                3.1E-03          463.289E-03         16.8018E+03 
                3.15E-03         470.862E-03         16.8E+03    
                3.20001E-03      478.395E-03         16.7965E+03 
                3.25E-03         485.861E-03         16.7912E+03 
                3.3E-03          493.328E-03         16.7844E+03 
                3.35E-03         500.794E-03         16.776E+03  
                3.40001E-03      508.261E-03         16.7662E+03 
                3.45E-03         515.728E-03         16.7549E+03 
                3.50001E-03      523.287E-03         16.7422E+03 
                3.55E-03         530.83E-03          16.7284E+03 
                3.6E-03          538.334E-03         16.7135E+03 
                3.65E-03         545.837E-03         16.6972E+03 
                3.7E-03          553.34E-03          16.6797E+03 
                3.75E-03         560.844E-03         16.6611E+03 
                3.8E-03          568.347E-03         16.6413E+03 
                3.85001E-03      575.851E-03         16.62E+03   
                3.90001E-03      583.355E-03         16.5975E+03 
                3.95E-03         591.092E-03         16.5733E+03 
                4.E-03           598.864E-03         16.5476E+03 
                4.05E-03         606.438E-03         16.5209E+03 
                4.1E-03          613.981E-03         16.4928E+03 
                4.15E-03         621.523E-03         16.4638E+03 
                4.2E-03          629.067E-03         16.4337E+03 
                4.25001E-03      636.61E-03          16.4024E+03 
                4.3E-03          644.152E-03         16.37E+03   
                4.35E-03         651.695E-03         16.3366E+03 
                4.4E-03          659.237E-03         16.3023E+03 
                4.45E-03         666.781E-03         16.2667E+03 
                4.50001E-03      674.324E-03         16.2302E+03 
                4.55E-03         681.866E-03         16.1927E+03 
                4.6E-03          689.41E-03          16.1541E+03 
                4.65E-03         696.758E-03         16.1147E+03 
                4.7E-03          704.073E-03         16.0743E+03 
                4.75E-03         711.387E-03         16.033E+03  
                4.8E-03          718.702E-03         15.9911E+03 
                4.85001E-03      726.017E-03         15.9482E+03 
                4.9E-03          733.33E-03          15.9041E+03 
                4.95E-03         740.645E-03         15.8589E+03 
                5.E-03           747.959E-03         15.8128E+03 
                5.05E-03         755.273E-03         15.7659E+03 
                5.10001E-03      762.588E-03         15.7178E+03 
                5.15E-03         769.901E-03         15.6688E+03 
                5.2E-03          777.216E-03         15.6184E+03 
                5.25E-03         784.53E-03          15.5669E+03 
                5.3E-03          791.845E-03         15.5143E+03 
                5.35E-03         799.158E-03         15.4606E+03 
                5.4E-03          806.473E-03         15.4054E+03 
                5.45E-03         814.165E-03         15.3455E+03 
                5.5E-03          821.795E-03         15.2848E+03 
                5.55E-03         829.308E-03         15.2234E+03 
                5.6E-03          836.692E-03         15.1615E+03 
                5.65E-03         843.983E-03         15.0989E+03 
                5.7E-03          851.716E-03         15.0306E+03 
                5.75E-03         859.297E-03         14.9616E+03 
                5.8E-03          866.764E-03         14.8923E+03 
                5.85E-03         874.019E-03         14.8224E+03 
                5.9E-03          881.735E-03         14.7469E+03 
                5.95E-03         889.3E-03           14.6697E+03 
                6.E-03           896.737E-03         14.5923E+03 
                6.05E-03         904.01E-03          14.5145E+03 
                6.1E-03          911.703E-03         14.4294E+03 
                6.15E-03         919.366E-03         14.3434E+03 
                6.2E-03          926.726E-03         14.2573E+03 
                6.25E-03         934.002E-03         14.171E+03  
                6.3E-03          941.688E-03         14.0764E+03 
                6.35E-03         949.339E-03         13.9808E+03 
                6.4E-03          956.805E-03         13.8848E+03 
                6.45E-03         964.068E-03         13.7893E+03 
                6.5E-03          971.516E-03         13.6896E+03 
                6.55E-03         979.29E-03          13.5827E+03 
                6.6E-03          986.891E-03         13.4765E+03 
                6.65E-03         994.306E-03         13.3704E+03 
                6.7E-03            1.00151           13.2658E+03 
                6.75E-03           1.00898           13.1572E+03 
                6.8E-03            1.01721           13.0392E+03 
                6.85E-03           1.02459           12.9215E+03 
                6.9E-03            1.0319            12.8047E+03 
                6.95E-03           1.03921           12.6897E+03 
                7.E-03             1.04653           12.5749E+03 
                7.05E-03           1.05394           12.4593E+03 
                7.1E-03            1.06202           12.3293E+03 
                7.15E-03           1.06948           12.1997E+03 
                7.2E-03            1.07695           12.0717E+03 
                7.25E-03           1.08442           11.9459E+03 
                7.3E-03            1.09188           11.8217E+03 
                7.35E-03           1.09935           11.6983E+03 
                7.4E-03            1.10681           11.5762E+03 
                7.45E-03           1.11382           11.4535E+03 
                7.5E-03            1.1215            11.3103E+03 
                7.55E-03           1.12918           11.1696E+03 
                7.6E-03            1.13686           11.0309E+03 
                7.65E-03           1.14454           10.8947E+03 
                7.7E-03            1.15222           10.7592E+03 
                7.75E-03           1.1599            10.6268E+03 
                7.8E-03            1.16758           10.4967E+03 
                7.85E-03           1.1767            10.3444E+03 
                7.9E-03            1.1847            10.1862E+03 
                7.95E-03           1.1927            10.0311E+03 
                8.E-03             1.20071            9.87941E+03
                8.05E-03           1.20871            9.72995E+03
                8.1E-03            1.21671            9.58298E+03
                8.15E-03           1.2247             9.43762E+03
                8.2E-03            1.2327             9.29515E+03
                8.25E-03           1.2407             9.15625E+03
                8.3E-03            1.24871            9.01991E+03
                8.35E-03           1.25671            8.88486E+03
                8.4E-03            1.26471            8.75297E+03
                8.45E-03           1.27224            8.62371E+03
                8.5E-03            1.27864            8.49619E+03
                8.55E-03           1.28505            8.37066E+03
                8.6E-03            1.29145            8.24689E+03
                8.65E-03           1.29784            8.12477E+03
                8.7E-03            1.30425            8.00498E+03
                8.75E-03           1.31065            7.88656E+03
                8.8E-03            1.31705            7.77086E+03
                8.85E-03           1.32344            7.6566E+03 
                8.9E-03            1.32985            7.54444E+03
                8.95E-03           1.33625            7.43398E+03
                9.E-03             1.34264            7.32476E+03
                9.05E-03           1.34904            7.21868E+03
                9.1E-03            1.35545            7.11562E+03
                9.15E-03           1.36185            7.01497E+03
                9.2E-03            1.36824            6.91688E+03
                9.25E-03           1.37465            6.82022E+03
                9.3E-03            1.38105            6.72851E+03
                9.35E-03           1.38744            6.64153E+03
                9.4E-03            1.39384            6.55655E+03
                9.45E-03           1.40375            6.39913E+03
                9.5E-03            1.41335            6.23737E+03
                9.55E-03           1.42295            6.08089E+03
                9.6E-03            1.43255            5.92865E+03
                9.65E-03           1.44215            5.77973E+03
                9.7E-03            1.45175            5.64008E+03
                9.75E-03           1.46135            5.51135E+03
                9.8E-03            1.47095            5.38957E+03
                9.85E-03           1.48055            5.27471E+03
                9.9E-03            1.49015            5.16618E+03
                9.95E-03           1.49975            5.0635E+03 
               10.E-03             1.50935            4.96357E+03




