
                  X             Displacement          Force      

                0.                 0.                 6.58043    
               33.3346E-06         6.66731E-03       98.8412     
               66.6674E-06        13.3331E-03       150.353      
              100.001E-06         20.0127E-03       348.158      
              133.335E-06         26.6868E-03       572.915      
              166.669E-06         33.3431E-03       558.753      
              200.001E-06         39.9889E-03       865.795      
              233.335E-06         46.6352E-03       934.342      
              266.669E-06         53.2815E-03       907.636      
              300.001E-06         59.9274E-03         1.03063E+03
              333.335E-06         66.5923E-03         1.21084E+03
              366.667E-06         73.2655E-03         1.2337E+03 
              400.001E-06         79.9392E-03         1.4533E+03 
              433.335E-06         86.6128E-03         1.54172E+03
              466.667E-06         93.286E-03          1.57508E+03
              500.001E-06         99.9597E-03         1.6182E+03 
              533.335E-06        106.633E-03          1.70386E+03
              566.667E-06        113.307E-03          1.80768E+03
              600.001E-06        119.98E-03           1.8931E+03 
              633.335E-06        126.654E-03          1.97684E+03
              666.667E-06        133.327E-03          2.00168E+03
              700.001E-06        140.001E-03          2.06428E+03
              733.335E-06        146.674E-03          2.16388E+03
              766.667E-06        153.348E-03          2.28449E+03
              800.001E-06        160.021E-03          2.24353E+03
              833.335E-06        166.695E-03          2.32826E+03
              866.667E-06        173.368E-03          2.37906E+03
              900.001E-06        180.042E-03          2.42476E+03
              933.336E-06        186.715E-03          2.44748E+03
              966.667E-06        193.389E-03          2.49528E+03
             1000.E-06           200.186E-03          2.54317E+03
                1.03334E-03      207.035E-03          2.57648E+03
                1.06667E-03      213.884E-03          2.60167E+03
                1.1E-03          220.733E-03          2.61946E+03
                1.13333E-03      227.582E-03          2.67839E+03
                1.16667E-03      234.431E-03          2.66547E+03
                1.2E-03          241.269E-03          2.69875E+03
                1.23333E-03      248.006E-03          2.72931E+03
                1.26667E-03      254.742E-03          2.72878E+03
                1.3E-03          261.479E-03          2.75915E+03
                1.33333E-03      268.216E-03          2.77216E+03
                1.36667E-03      274.953E-03          2.7788E+03 
                1.4E-03          281.69E-03           2.80156E+03
                1.43333E-03      288.426E-03          2.80392E+03
                1.46667E-03      295.163E-03          2.81648E+03
                1.5E-03          301.9E-03            2.83332E+03
                1.53333E-03      308.637E-03          2.83205E+03
                1.56667E-03      315.374E-03          2.84651E+03
                1.6E-03          322.111E-03          2.85879E+03
                1.63334E-03      328.848E-03          2.85763E+03
                1.66667E-03      335.585E-03          2.87016E+03
                1.7E-03          342.321E-03          2.87915E+03
                1.73333E-03      349.058E-03          2.87884E+03
                1.76667E-03      355.795E-03          2.8891E+03 
                1.8E-03          362.532E-03          2.89836E+03
                1.83333E-03      369.268E-03          2.8993E+03 
                1.86667E-03      376.005E-03          2.90357E+03
                1.9E-03          382.742E-03          2.91295E+03
                1.93333E-03      389.479E-03          2.91647E+03
                1.96667E-03      396.368E-03          2.91815E+03
                2.E-03           403.479E-03          2.92656E+03
                2.03333E-03      410.397E-03          2.92821E+03
                2.06667E-03      417.271E-03          2.93591E+03
                2.1E-03          424.145E-03          2.93686E+03
                2.13333E-03      431.019E-03          2.94403E+03
                2.16667E-03      437.893E-03          2.94559E+03
                2.2E-03          444.767E-03          2.95108E+03
                2.23334E-03      451.641E-03          2.9536E+03 
                2.26667E-03      458.515E-03          2.95762E+03
                2.3E-03          465.389E-03          2.96179E+03
                2.33333E-03      472.263E-03          2.96409E+03
                2.36667E-03      479.137E-03          2.96844E+03
                2.4E-03          486.012E-03          2.97134E+03
                2.43333E-03      492.886E-03          2.97433E+03
                2.46667E-03      499.76E-03           2.97789E+03
                2.5E-03          506.634E-03          2.98043E+03
                2.53333E-03      513.342E-03          2.98334E+03
                2.56667E-03      519.979E-03          2.98639E+03
                2.6E-03          526.616E-03          2.98912E+03
                2.63333E-03      533.253E-03          2.99186E+03
                2.66667E-03      539.89E-03           2.99458E+03
                2.7E-03          546.528E-03          2.99726E+03
                2.73333E-03      553.164E-03          2.99977E+03
                2.76667E-03      559.801E-03          3.00227E+03
                2.8E-03          566.438E-03          3.00474E+03
                2.83333E-03      573.076E-03          3.00716E+03
                2.86667E-03      579.712E-03          3.00958E+03
                2.9E-03          586.349E-03          3.01179E+03
                2.93334E-03      592.987E-03          3.01419E+03
                2.96667E-03      599.623E-03          3.01635E+03
                3.E-03           606.261E-03          3.01858E+03
                3.03333E-03      612.897E-03          3.02071E+03
                3.06667E-03      619.263E-03          3.02285E+03
                3.1E-03          625.426E-03          3.02495E+03
                3.13333E-03      631.588E-03          3.02696E+03
                3.16667E-03      637.752E-03          3.02902E+03
                3.2E-03          643.963E-03          3.03098E+03
                3.23333E-03      650.897E-03          3.03324E+03
                3.26667E-03      657.83E-03           3.03542E+03
                3.3E-03          664.764E-03          3.03757E+03
                3.33333E-03      671.697E-03          3.03965E+03
                3.36667E-03      678.631E-03          3.04172E+03
                3.4E-03          685.563E-03          3.04378E+03
                3.43333E-03      692.497E-03          3.04578E+03
                3.46667E-03      699.43E-03           3.04777E+03
                3.5E-03          706.364E-03          3.0497E+03 
                3.53333E-03      713.296E-03          3.05161E+03
                3.56667E-03      720.23E-03           3.05356E+03
                3.6E-03          727.164E-03          3.05543E+03
                3.63333E-03      734.097E-03          3.05728E+03
                3.66667E-03      741.03E-03           3.05907E+03
                3.7E-03          747.452E-03          3.06085E+03
                3.73333E-03      753.852E-03          3.06258E+03
                3.76667E-03      760.251E-03          3.06431E+03
                3.8E-03          766.651E-03          3.06604E+03
                3.83333E-03      773.052E-03          3.06765E+03
                3.86667E-03      779.452E-03          3.06931E+03
                3.9E-03          785.852E-03          3.07091E+03
                3.93333E-03      792.252E-03          3.07247E+03
                3.96667E-03      798.652E-03          3.07407E+03
                4.E-03           805.052E-03          3.07561E+03
                4.03333E-03      811.451E-03          3.07711E+03
                4.06667E-03      817.852E-03          3.07851E+03
                4.1E-03          824.252E-03          3.08003E+03
                4.13333E-03      830.651E-03          3.08154E+03
                4.16667E-03      837.052E-03          3.08287E+03
                4.2E-03          843.452E-03          3.08423E+03
                4.23333E-03      849.852E-03          3.08576E+03
                4.26667E-03      856.251E-03          3.08709E+03
                4.3E-03          862.583E-03          3.0885E+03 
                4.33333E-03      868.451E-03          3.08965E+03
                4.36667E-03      874.317E-03          3.09114E+03
                4.4E-03          880.184E-03          3.0925E+03 
                4.43333E-03      886.051E-03          3.09382E+03
                4.46667E-03      891.918E-03          3.09496E+03
                4.5E-03          897.784E-03          3.09637E+03
                4.53333E-03      903.651E-03          3.09758E+03
                4.56667E-03      909.518E-03          3.0988E+03 
                4.6E-03          915.383E-03          3.09996E+03
                4.63333E-03      921.25E-03           3.10109E+03
                4.66667E-03      927.117E-03          3.1024E+03 
                4.7E-03          932.984E-03          3.10342E+03
                4.73333E-03      938.851E-03          3.10465E+03
                4.76667E-03      944.718E-03          3.1057E+03 
                4.8E-03          950.584E-03          3.10685E+03
                4.83333E-03      956.451E-03          3.10809E+03
                4.86667E-03      962.318E-03          3.10904E+03
                4.9E-03          968.185E-03          3.11016E+03
                4.93333E-03      974.052E-03          3.11143E+03
                4.96667E-03      979.917E-03          3.11265E+03
                5.E-03           985.784E-03          3.11385E+03
                5.03333E-03      992.367E-03          3.11525E+03
                5.06667E-03        1.00019            3.11701E+03
                5.1E-03            1.00801            3.11861E+03
                5.13333E-03        1.01583            3.12012E+03
                5.16667E-03        1.02366            3.12167E+03
                5.2E-03            1.03112            3.12355E+03
                5.23333E-03        1.03823            3.12505E+03
                5.26667E-03        1.04534            3.12654E+03
                5.3E-03            1.05245            3.12791E+03
                5.33333E-03        1.05956            3.12905E+03
                5.36667E-03        1.06667            3.13064E+03
                5.4E-03            1.07378            3.13279E+03
                5.43333E-03        1.08089            3.13427E+03
                5.46667E-03        1.08801            3.13538E+03
                5.5E-03            1.09512            3.13665E+03
                5.53333E-03        1.10223            3.13854E+03
                5.56667E-03        1.10934            3.14035E+03
                5.6E-03            1.11645            3.14161E+03
                5.63333E-03        1.12356            3.1432E+03 
                5.66667E-03        1.13067            3.14355E+03
                5.7E-03            1.13778            3.14452E+03
                5.73333E-03        1.14489            3.14535E+03
                5.76667E-03        1.15201            3.14768E+03
                5.8E-03            1.15912            3.14857E+03
                5.83333E-03        1.16623            3.15105E+03
                5.86667E-03        1.17334            3.15241E+03
                5.9E-03            1.18045            3.15514E+03
                5.93333E-03        1.18756            3.15632E+03
                5.96667E-03        1.19467            3.15717E+03
                6.E-03             1.20178            3.15813E+03
                6.03333E-03        1.20889            3.16049E+03
                6.06667E-03        1.216              3.16145E+03
                6.1E-03            1.22312            3.16282E+03
                6.13333E-03        1.23023            3.16407E+03
                6.16667E-03        1.23734            3.16518E+03
                6.2E-03            1.24445            3.16659E+03
                6.23333E-03        1.25156            3.17015E+03
                6.26667E-03        1.25867            3.17081E+03
                6.3E-03            1.26578            3.1711E+03 
                6.33333E-03        1.2729             3.17435E+03
                6.36667E-03        1.28001            3.17548E+03
                6.4E-03            1.28712            3.17697E+03
                6.43333E-03        1.29423            3.17878E+03
                6.46667E-03        1.30134            3.17937E+03
                6.5E-03            1.30845            3.18125E+03
                6.53333E-03        1.31556            3.1827E+03 
                6.56667E-03        1.32267            3.18484E+03
                6.6E-03            1.32978            3.18487E+03
                6.63333E-03        1.33689            3.18832E+03
                6.66667E-03        1.344              3.18814E+03
                6.7E-03            1.35112            3.18941E+03
                6.73333E-03        1.35823            3.19288E+03
                6.76667E-03        1.36534            3.19529E+03
                6.8E-03            1.37245            3.19485E+03
                6.83333E-03        1.37956            3.19423E+03
                6.86667E-03        1.38667            3.19807E+03
                6.9E-03            1.39378            3.20111E+03
                6.93333E-03        1.40089            3.20072E+03
                6.96667E-03        1.408              3.20132E+03
                7.E-03             1.41512            3.20502E+03
                7.03333E-03        1.42223            3.20671E+03
                7.06667E-03        1.42934            3.20803E+03
                7.1E-03            1.43645            3.20942E+03
                7.13333E-03        1.44356            3.21218E+03
                7.16667E-03        1.45067            3.21077E+03
                7.2E-03            1.45778            3.21372E+03
                7.23333E-03        1.46489            3.21076E+03
                7.26667E-03        1.47201            3.20671E+03
                7.3E-03            1.47912            3.20789E+03
                7.33333E-03        1.48623            3.20497E+03
                7.36667E-03        1.49334            3.21492E+03
                7.4E-03            1.50045            3.21917E+03
                7.43333E-03        1.50756            3.21511E+03
                7.46667E-03        1.51467            3.21785E+03
                7.5E-03            1.52178            3.21918E+03
                7.53333E-03        1.52889            3.22111E+03
                7.56667E-03        1.53601            3.21991E+03
                7.6E-03            1.54312            3.22089E+03
                7.63333E-03        1.55023            3.22449E+03
                7.66667E-03        1.55734            3.22489E+03
                7.7E-03            1.56445            3.22377E+03
                7.73333E-03        1.57156            3.22452E+03
                7.76667E-03        1.57867            3.22241E+03
                7.8E-03            1.58578            3.21755E+03
                7.83333E-03        1.59178            3.22199E+03
                7.86667E-03        1.59712            3.22753E+03
                7.9E-03            1.60245            3.22161E+03
                7.93333E-03        1.60778            3.23102E+03
                7.96667E-03        1.61312            3.22028E+03
                8.E-03             1.61845            3.22093E+03
                8.03333E-03        1.62378            3.22608E+03
                8.06667E-03        1.62912            3.22072E+03
                8.1E-03            1.63445            3.22539E+03
                8.13333E-03        1.63978            3.22152E+03
                8.16667E-03        1.64512            3.22418E+03
                8.2E-03            1.65045            3.22129E+03
                8.23333E-03        1.65578            3.22863E+03
                8.26667E-03        1.66112            3.22421E+03
                8.3E-03            1.66645            3.23184E+03
                8.33333E-03        1.67178            3.21472E+03
                8.36667E-03        1.67712            3.22058E+03
                8.4E-03            1.68245            3.22031E+03
                8.43333E-03        1.68778            3.21858E+03
                8.46667E-03        1.69312            3.22405E+03
                8.5E-03            1.69845            3.22009E+03
                8.53333E-03        1.70378            3.22855E+03
                8.56667E-03        1.70912            3.20316E+03
                8.6E-03            1.71445            3.21666E+03
                8.63333E-03        1.71978            3.22181E+03
                8.66667E-03        1.72546            3.22765E+03
                8.7E-03            1.73509            3.22216E+03
                8.73333E-03        1.74543            3.22222E+03
                8.76667E-03        1.75596            3.22216E+03
                8.8E-03            1.7655             3.22149E+03
                8.83333E-03        1.7741             3.21201E+03
                8.86667E-03        1.78268            3.21191E+03
                8.9E-03            1.79124            3.21239E+03
                8.93333E-03        1.79979            3.20984E+03
                8.96667E-03        1.80833            3.21511E+03
                9.E-03             1.81686            3.20524E+03
                9.03333E-03        1.8254             3.22138E+03
                9.06667E-03        1.83393            3.21233E+03
                9.1E-03            1.84247            3.2224E+03 
                9.13333E-03        1.851              3.20522E+03
                9.16667E-03        1.85953            3.21378E+03
                9.2E-03            1.86807            3.21151E+03
                9.23333E-03        1.8766             3.19812E+03
                9.26667E-03        1.88513            3.21766E+03
                9.3E-03            1.89366            3.20694E+03
                9.33333E-03        1.9022             3.21075E+03
                9.36667E-03        1.91073            3.20186E+03
                9.4E-03            1.91927            3.20866E+03
                9.43333E-03        1.9278             3.20156E+03
                9.46667E-03        1.93633            3.2048E+03 
                9.5E-03            1.94486            3.201E+03  
                9.53333E-03        1.9534             3.19803E+03
                9.56667E-03        1.96193            3.20157E+03
                9.6E-03            1.97047            3.19712E+03
                9.63333E-03        1.979              3.20304E+03
                9.66667E-03        1.98753            3.19807E+03
                9.7E-03            1.99606            3.20036E+03
                9.73333E-03        2.0046             3.19761E+03
                9.76667E-03        2.01313            3.19771E+03
                9.8E-03            2.02167            3.1989E+03 
                9.83333E-03        2.0302             3.18991E+03
                9.86667E-03        2.03863            3.19126E+03
                9.9E-03            2.04555            3.18773E+03
                9.93333E-03        2.05199            3.18548E+03
                9.96667E-03        2.0584             3.18787E+03
               10.E-03             2.06482            3.19118E+03




