
                  X             Displacement          Force      

                0.                 0.                 5.31948    
               50.0027E-06         9.99987E-03        1.01034E+03
              100.003E-06         19.9994E-03         2.14697E+03
              150.004E-06         30.0073E-03         2.94426E+03
              200.001E-06         40.019E-03          4.13777E+03
              250.004E-06         50.0322E-03         5.04933E+03
              300.001E-06         60.044E-03          6.08955E+03
              350.004E-06         70.0571E-03         7.06968E+03
              400.001E-06         80.0689E-03         7.84553E+03
              450.004E-06         90.082E-03          8.86287E+03
              500.E-06           100.083E-03          9.65339E+03
              550.002E-06        110.052E-03         10.4274E+03 
              600.004E-06        120.02E-03          11.2313E+03 
              650.006E-06        129.989E-03         11.8284E+03 
              700.001E-06        139.956E-03         12.31E+03   
              750.003E-06        149.925E-03         12.7423E+03 
              800.006E-06        159.947E-03         13.1324E+03 
              850.002E-06        170.003E-03         13.4568E+03 
              900.005E-06        180.061E-03         13.734E+03  
              950.001E-06        190.117E-03         13.985E+03  
                1.E-03           200.175E-03         14.1732E+03 
                1.05E-03         210.232E-03         14.3145E+03 
                1.1E-03          220.289E-03         14.4843E+03 
                1.15001E-03      230.347E-03         14.6033E+03 
                1.2E-03          240.403E-03         14.7385E+03 
                1.25E-03         250.461E-03         14.8489E+03 
                1.3E-03          260.517E-03         14.9373E+03 
                1.35E-03         270.575E-03         15.0213E+03 
                1.40001E-03      280.633E-03         15.0999E+03 
                1.45E-03         290.689E-03         15.1707E+03 
                1.5E-03          300.747E-03         15.2344E+03 
                1.55E-03         310.803E-03         15.2943E+03 
                1.6E-03          320.861E-03         15.3481E+03 
                1.65E-03         330.917E-03         15.3974E+03 
                1.7E-03          340.975E-03         15.4435E+03 
                1.75001E-03      351.032E-03         15.4849E+03 
                1.8E-03          361.089E-03         15.521E+03  
                1.85E-03         371.147E-03         15.5543E+03 
                1.9E-03          381.203E-03         15.5865E+03 
                1.95E-03         391.26E-03          15.6146E+03 
                2.00001E-03      401.318E-03         15.6399E+03 
                2.05E-03         411.375E-03         15.664E+03  
                2.1E-03          421.432E-03         15.6849E+03 
                2.15E-03         431.489E-03         15.7045E+03 
                2.2E-03          441.546E-03         15.7218E+03 
                2.25E-03         451.603E-03         15.7377E+03 
                2.3E-03          461.66E-03          15.7518E+03 
                2.35001E-03      471.718E-03         15.7645E+03 
                2.4E-03          481.775E-03         15.7757E+03 
                2.45E-03         491.832E-03         15.7856E+03 
                2.5E-03          501.888E-03         15.7941E+03 
                2.55E-03         511.946E-03         15.8015E+03 
                2.60001E-03      522.004E-03         15.8076E+03 
                2.65E-03         532.06E-03          15.8126E+03 
                2.7E-03          542.118E-03         15.8164E+03 
                2.75E-03         552.174E-03         15.8192E+03 
                2.8E-03          562.232E-03         15.8209E+03 
                2.85001E-03      572.29E-03          15.8217E+03 
                2.9E-03          582.346E-03         15.8214E+03 
                2.95001E-03      592.404E-03         15.8202E+03 
                3.E-03           602.46E-03          15.8181E+03 
                3.05E-03         612.518E-03         15.8151E+03 
                3.1E-03          622.574E-03         15.8112E+03 
                3.15E-03         632.632E-03         15.8066E+03 
                3.20001E-03      642.689E-03         15.8011E+03 
                3.25E-03         652.746E-03         15.7949E+03 
                3.3E-03          662.804E-03         15.7879E+03 
                3.35E-03         672.86E-03          15.78E+03   
                3.4E-03          682.918E-03         15.7714E+03 
                3.45001E-03      692.975E-03         15.762E+03  
                3.5E-03          703.032E-03         15.7518E+03 
                3.55001E-03      713.089E-03         15.7408E+03 
                3.6E-03          723.146E-03         15.7291E+03 
                3.65E-03         733.204E-03         15.7166E+03 
                3.7E-03          743.26E-03          15.7035E+03 
                3.75E-03         753.318E-03         15.6896E+03 
                3.80001E-03      763.375E-03         15.6749E+03 
                3.85E-03         773.431E-03         15.6596E+03 
                3.9E-03          783.489E-03         15.6436E+03 
                3.95E-03         793.545E-03         15.6269E+03 
                4.E-03           803.604E-03         15.6095E+03 
                4.05001E-03      813.469E-03         15.5914E+03 
                4.1E-03          823.297E-03         15.5728E+03 
                4.15E-03         833.126E-03         15.5535E+03 
                4.2E-03          842.953E-03         15.5335E+03 
                4.25E-03         852.783E-03         15.5128E+03 
                4.3E-03          862.61E-03          15.4915E+03 
                4.35E-03         872.44E-03          15.4694E+03 
                4.40001E-03      882.268E-03         15.4468E+03 
                4.45E-03         892.097E-03         15.4234E+03 
                4.5E-03          901.925E-03         15.3994E+03 
                4.55E-03         911.754E-03         15.3747E+03 
                4.6E-03          921.451E-03         15.3493E+03 
                4.65001E-03      931.052E-03         15.3232E+03 
                4.7E-03          940.651E-03         15.2963E+03 
                4.75E-03         950.49E-03          15.2681E+03 
                4.8E-03          960.83E-03          15.2375E+03 
                4.85E-03         971.168E-03         15.2061E+03 
                4.9E-03          981.506E-03         15.1736E+03 
                4.95E-03         991.844E-03         15.1403E+03 
                5.E-03             1.00218           15.106E+03  
                5.05001E-03        1.01252           15.0708E+03 
                5.1E-03            1.02286           15.0346E+03 
                5.15E-03           1.0332            14.9973E+03 
                5.2E-03            1.04354           14.9593E+03 
                5.25E-03           1.05356           14.9199E+03 
                5.3E-03            1.06341           14.8798E+03 
                5.35E-03           1.07326           14.8383E+03 
                5.4E-03            1.0831            14.7961E+03 
                5.45E-03           1.09295           14.7526E+03 
                5.50001E-03        1.10279           14.7079E+03 
                5.55E-03           1.11264           14.6623E+03 
                5.60001E-03        1.12249           14.6154E+03 
                5.65E-03           1.13233           14.5675E+03 
                5.7E-03            1.14218           14.5181E+03 
                5.75E-03           1.15202           14.4679E+03 
                5.8E-03            1.16187           14.416E+03  
                5.85E-03           1.17172           14.3635E+03 
                5.9E-03            1.18156           14.3092E+03 
                5.95E-03           1.19144           14.2548E+03 
                6.E-03             1.20161           14.1947E+03 
                6.05E-03           1.21175           14.1343E+03 
                6.1E-03            1.22188           14.0734E+03 
                6.15E-03           1.23185           14.0114E+03 
                6.20001E-03        1.24145           13.9495E+03 
                6.25E-03           1.25138           13.8842E+03 
                6.3E-03            1.26186           13.8156E+03 
                6.35E-03           1.27185           13.7455E+03 
                6.4E-03            1.28175           13.6756E+03 
                6.45E-03           1.29163           13.6048E+03 
                6.5E-03            1.30139           13.5331E+03 
                6.55E-03           1.31163           13.4543E+03 
                6.6E-03            1.32187           13.3748E+03 
                6.65E-03           1.33191           13.2957E+03 
                6.7E-03            1.34151           13.2153E+03 
                6.75E-03           1.35133           13.1337E+03 
                6.8E-03            1.36186           13.0437E+03 
                6.85E-03           1.37182           12.9542E+03 
                6.9E-03            1.38177           12.8639E+03 
                6.95E-03           1.39164           12.7739E+03 
                7.E-03             1.40136           12.6786E+03 
                7.05E-03           1.41176           12.5768E+03 
                7.1E-03            1.42213           12.4755E+03 
                7.15E-03           1.43173           12.3734E+03 
                7.2E-03            1.44133           12.2723E+03 
                7.25E-03           1.45148           12.1647E+03 
                7.3E-03            1.46181           12.0495E+03 
                7.35E-03           1.47187           11.9345E+03 
                7.4E-03            1.48193           11.8196E+03 
                7.45E-03           1.49185           11.7058E+03 
                7.5E-03            1.50099           11.5923E+03 
                7.55E-03           1.51128           11.4655E+03 
                7.6E-03            1.52195           11.3349E+03 
                7.65E-03           1.53239           11.2055E+03 
                7.7E-03            1.54199           11.0771E+03 
                7.75E-03           1.55159           10.9502E+03 
                7.8E-03            1.56119           10.8243E+03 
                7.85E-03           1.57079           10.7E+03    
                7.9E-03            1.57986           10.5772E+03 
                7.95E-03           1.58839           10.4558E+03 
                8.E-03             1.59693           10.3359E+03 
                8.05E-03           1.60546           10.2178E+03 
                8.1E-03            1.61586           10.0756E+03 
                8.15E-03           1.62863            9.90436E+03
                8.2E-03            1.63983            9.73737E+03
                8.25E-03           1.65103            9.57366E+03
                8.3E-03            1.66223            9.41443E+03
                8.35E-03           1.67343            9.25894E+03
                8.4E-03            1.68463            9.10831E+03
                8.45E-03           1.69534            8.96257E+03
                8.5E-03            1.70493            8.82083E+03
                8.55E-03           1.71454            8.68275E+03
                8.6E-03            1.72414            8.54862E+03
                8.65E-03           1.73373            8.41879E+03
                8.7E-03            1.74333            8.29315E+03
                8.75E-03           1.75294            8.17041E+03
                8.8E-03            1.76254            8.05089E+03
                8.85E-03           1.77213            7.93508E+03
                8.9E-03            1.78055            7.82316E+03
                8.95E-03           1.78854            7.71454E+03
                9.E-03             1.79655            7.60857E+03
                9.05E-03           1.80454            7.50551E+03
                9.1E-03            1.81255            7.40522E+03
                9.15E-03           1.82054            7.30692E+03
                9.2E-03            1.82854            7.2108E+03 
                9.25E-03           1.83655            7.11708E+03
                9.3E-03            1.84454            7.0253E+03 
                9.35E-03           1.85255            6.93615E+03
                9.4E-03            1.86054            6.84964E+03
                9.45E-03           1.87362            6.71215E+03
                9.5E-03            1.88962            6.55008E+03
                9.55E-03           1.90263            6.39473E+03
                9.6E-03            1.91543            6.2462E+03 
                9.65E-03           1.92823            6.10349E+03
                9.7E-03            1.94103            5.97037E+03
                9.75E-03           1.95383            5.84378E+03
                9.8E-03            1.96663            5.72376E+03
                9.85E-03           1.97943            5.60882E+03
                9.9E-03            1.99223            5.50046E+03
                9.95E-03           2.00503            5.39786E+03
               10.E-03             2.01783            5.30045E+03




