
                  X             Displacement          Force      

                0.                 0.                 6.9817     
               50.0065E-06         7.50128E-03      874.068      
              100.006E-06         15.0037E-03         1.55854E+03
              150.006E-06         22.502E-03          2.6188E+03 
              200.006E-06         29.997E-03          3.22864E+03
              250.002E-06         37.493E-03          4.25016E+03
              300.001E-06         45.0031E-03         4.9913E+03 
              350.007E-06         52.5141E-03         5.84365E+03
              400.005E-06         60.0241E-03         6.61058E+03
              450.004E-06         67.5237E-03         7.43551E+03
              500.E-06            75.0132E-03         8.19703E+03
              550.003E-06         82.4802E-03         8.82259E+03
              600.005E-06         89.9472E-03         9.67019E+03
              650.007E-06         97.4142E-03        10.3648E+03 
              700.002E-06        104.88E-03          10.9139E+03 
              750.004E-06        112.347E-03         11.535E+03  
              800.007E-06        119.814E-03         12.0986E+03 
              850.002E-06        127.291E-03         12.6191E+03 
              900.004E-06        134.784E-03         13.0207E+03 
              950.006E-06        142.277E-03         13.3901E+03 
                1.E-03           149.798E-03         13.7247E+03 
                1.05E-03         157.352E-03         14.0186E+03 
                1.1E-03          164.906E-03         14.2908E+03 
                1.15E-03         172.461E-03         14.5296E+03 
                1.2E-03          180.015E-03         14.7506E+03 
                1.25E-03         187.569E-03         14.9302E+03 
                1.30001E-03      195.123E-03         15.0817E+03 
                1.35001E-03      202.677E-03         15.2309E+03 
                1.40001E-03      210.232E-03         15.3699E+03 
                1.45001E-03      217.786E-03         15.4813E+03 
                1.5E-03          225.339E-03         15.5882E+03 
                1.55E-03         232.893E-03         15.6959E+03 
                1.6E-03          240.447E-03         15.775E+03  
                1.65E-03         248.001E-03         15.8685E+03 
                1.7E-03          255.556E-03         15.9348E+03 
                1.75E-03         263.11E-03          16.01E+03   
                1.8E-03          270.664E-03         16.0716E+03 
                1.85E-03         278.218E-03         16.127E+03  
                1.9E-03          285.772E-03         16.1877E+03 
                1.95E-03         293.326E-03         16.2352E+03 
                2.E-03           300.766E-03         16.2753E+03 
                2.05001E-03      308.199E-03         16.3128E+03 
                2.1E-03          315.631E-03         16.3486E+03 
                2.15E-03         323.063E-03         16.3817E+03 
                2.20001E-03      330.496E-03         16.4117E+03 
                2.25E-03         337.927E-03         16.4383E+03 
                2.3E-03          345.359E-03         16.4615E+03 
                2.35E-03         352.832E-03         16.4822E+03 
                2.4E-03          360.405E-03         16.5011E+03 
                2.45E-03         367.978E-03         16.5172E+03 
                2.50001E-03      375.552E-03         16.5312E+03 
                2.55E-03         383.125E-03         16.5433E+03 
                2.6E-03          390.698E-03         16.5533E+03 
                2.65E-03         398.271E-03         16.5615E+03 
                2.70001E-03      405.764E-03         16.5681E+03 
                2.75E-03         413.23E-03          16.5733E+03 
                2.8E-03          420.697E-03         16.577E+03  
                2.85001E-03      428.164E-03         16.5792E+03 
                2.9E-03          435.631E-03         16.58E+03   
                2.95E-03         443.085E-03         16.5792E+03 
                3.E-03           450.445E-03         16.5771E+03 
                3.05E-03         457.878E-03         16.5736E+03 
                3.1E-03          465.492E-03         16.5687E+03 
                3.15E-03         473.106E-03         16.5625E+03 
                3.2E-03          480.682E-03         16.555E+03  
                3.25E-03         488.186E-03         16.5465E+03 
                3.3E-03          495.689E-03         16.5373E+03 
                3.35E-03         503.193E-03         16.5271E+03 
                3.40001E-03      510.697E-03         16.5158E+03 
                3.45001E-03      518.2E-03           16.5034E+03 
                3.5E-03          525.687E-03         16.49E+03   
                3.55E-03         533.047E-03         16.4754E+03 
                3.6E-03          540.59E-03          16.4592E+03 
                3.65E-03         548.132E-03         16.442E+03  
                3.7E-03          555.675E-03         16.4238E+03 
                3.75E-03         563.217E-03         16.4046E+03 
                3.8E-03          570.761E-03         16.3845E+03 
                3.85001E-03      578.304E-03         16.3634E+03 
                3.9E-03          585.846E-03         16.3412E+03 
                3.95E-03         593.39E-03          16.3182E+03 
                4.E-03           600.932E-03         16.2941E+03 
                4.05E-03         608.351E-03         16.2692E+03 
                4.10001E-03      615.665E-03         16.2434E+03 
                4.15E-03         622.98E-03          16.2166E+03 
                4.2E-03          630.294E-03         16.1889E+03 
                4.25E-03         637.608E-03         16.1604E+03 
                4.3E-03          644.922E-03         16.1309E+03 
                4.35001E-03      652.237E-03         16.1006E+03 
                4.4E-03          659.551E-03         16.0693E+03 
                4.45001E-03      666.866E-03         16.0372E+03 
                4.5E-03          674.179E-03         16.0042E+03 
                4.55E-03         681.494E-03         15.9704E+03 
                4.6E-03          689.178E-03         15.934E+03  
                4.65E-03         697.021E-03         15.8957E+03 
                4.7E-03          704.651E-03         15.8565E+03 
                4.75E-03         712.282E-03         15.8163E+03 
                4.8E-03          719.912E-03         15.7751E+03 
                4.85E-03         727.543E-03         15.7332E+03 
                4.9E-03          735.174E-03         15.6902E+03 
                4.95E-03         742.805E-03         15.6463E+03 
                5.00001E-03      750.436E-03         15.6016E+03 
                5.05E-03         758.066E-03         15.5557E+03 
                5.1E-03          765.698E-03         15.5087E+03 
                5.15E-03         773.327E-03         15.4609E+03 
                5.2E-03          780.959E-03         15.4119E+03 
                5.25E-03         788.438E-03         15.362E+03  
                5.3E-03          795.823E-03         15.3109E+03 
                5.35E-03         803.207E-03         15.2587E+03 
                5.4E-03          810.593E-03         15.2054E+03 
                5.45001E-03      817.978E-03         15.1506E+03 
                5.5E-03          825.361E-03         15.0946E+03 
                5.55E-03         832.746E-03         15.0375E+03 
                5.6E-03          840.13E-03          14.9799E+03 
                5.65E-03         847.462E-03         14.9205E+03 
                5.7E-03          855.196E-03         14.8567E+03 
                5.75E-03         862.803E-03         14.7924E+03 
                5.8E-03          870.27E-03          14.7275E+03 
                5.85001E-03      877.636E-03         14.6617E+03 
                5.9E-03          884.997E-03         14.5943E+03 
                5.95E-03         892.737E-03         14.5217E+03 
                6.E-03           900.301E-03         14.4486E+03 
                6.05E-03         907.714E-03         14.3751E+03 
                6.1E-03          914.986E-03         14.3012E+03 
                6.15E-03         922.652E-03         14.2208E+03 
                6.2E-03          930.332E-03         14.1387E+03 
                6.25E-03         937.755E-03         14.0563E+03 
                6.3E-03          945.114E-03         13.9733E+03 
                6.35E-03         952.515E-03         13.8866E+03 
                6.4E-03          960.337E-03         13.7942E+03 
                6.45E-03         967.811E-03         13.7016E+03 
                6.5E-03          975.277E-03         13.6089E+03 
                6.55E-03         982.4E-03           13.5161E+03 
                6.6E-03          990.146E-03         13.4152E+03 
                6.65E-03         997.802E-03         13.3109E+03 
                6.7E-03            1.0051            13.2071E+03 
                6.75E-03           1.01229           13.1032E+03 
                6.8E-03            1.01949           12.9999E+03 
                6.85E-03           1.02711           12.8905E+03 
                6.9E-03            1.0353            12.7731E+03 
                6.95E-03           1.04262           12.6564E+03 
                7.E-03             1.04993           12.5402E+03 
                7.05E-03           1.05725           12.4249E+03 
                7.1E-03            1.06456           12.3101E+03 
                7.15E-03           1.07196           12.1946E+03 
                7.2E-03            1.08006           12.0632E+03 
                7.25E-03           1.08752           11.9317E+03 
                7.3E-03            1.09499           11.8018E+03 
                7.35E-03           1.10246           11.6737E+03 
                7.4E-03            1.10992           11.5458E+03 
                7.45E-03           1.11739           11.4192E+03 
                7.5E-03            1.12486           11.2944E+03 
                7.55E-03           1.13184           11.1695E+03 
                7.6E-03            1.13952           11.0227E+03 
                7.65E-03           1.1472            10.8764E+03 
                7.7E-03            1.15488           10.7342E+03 
                7.75E-03           1.16256           10.593E+03  
                7.8E-03            1.17024           10.4528E+03 
                7.85E-03           1.17936           10.2885E+03 
                7.9E-03            1.18896           10.1192E+03 
                7.95E-03           1.19808            9.95161E+03
                8.E-03             1.20608            9.78785E+03
                8.05E-03           1.21408            9.62601E+03
                8.1E-03            1.22208            9.46727E+03
                8.15E-03           1.23008            9.31165E+03
                8.2E-03            1.23808            9.15844E+03
                8.25E-03           1.24608            9.00856E+03
                8.3E-03            1.25408            8.86105E+03
                8.35E-03           1.26208            8.71557E+03
                8.4E-03            1.27008            8.57144E+03
                8.45E-03           1.27808            8.43242E+03
                8.5E-03            1.28608            8.30041E+03
                8.55E-03           1.29324            8.17257E+03
                8.6E-03            1.29964            8.04661E+03
                8.65E-03           1.30604            7.92267E+03
                8.7E-03            1.31244            7.79987E+03
                8.75E-03           1.31884            7.67812E+03
                8.8E-03            1.32524            7.55722E+03
                8.85E-03           1.33164            7.43765E+03
                8.9E-03            1.33804            7.32284E+03
                8.95E-03           1.34444            7.2145E+03 
                9.E-03             1.35084            7.11143E+03
                9.05E-03           1.35724            7.01107E+03
                9.1E-03            1.36364            6.91212E+03
                9.15E-03           1.37004            6.8151E+03 
                9.2E-03            1.37644            6.72031E+03
                9.25E-03           1.38284            6.62718E+03
                9.3E-03            1.38924            6.53493E+03
                9.35E-03           1.39564            6.44479E+03
                9.4E-03            1.40204            6.35578E+03
                9.45E-03           1.40844            6.26762E+03
                9.5E-03            1.41484            6.18149E+03
                9.55E-03           1.42124            6.09624E+03
                9.6E-03            1.42764            6.01344E+03
                9.65E-03           1.43404            5.93395E+03
                9.7E-03            1.44379            5.79755E+03
                9.75E-03           1.45339            5.6501E+03 
                9.8E-03            1.46299            5.50916E+03
                9.85E-03           1.47259            5.3723E+03 
                9.9E-03            1.48219            5.23934E+03
                9.95E-03           1.49179            5.114E+03  
               10.E-03             1.50139            4.99909E+03




