
                  X             Displacement          Force      

                0.                 0.                 1.47616    
               33.3366E-06         6.66787E-03        1.0392E+03 
               66.6714E-06        13.3349E-03         2.16314E+03
              100.006E-06         20.0035E-03         3.27853E+03
              133.334E-06         26.6716E-03         4.43657E+03
              166.669E-06         33.339E-03          5.66518E+03
              200.004E-06         40.0035E-03         6.84708E+03
              233.339E-06         46.668E-03          8.06139E+03
              266.667E-06         53.3312E-03         9.13825E+03
              300.002E-06         59.9957E-03        10.154E+03  
              333.336E-06         66.6669E-03        11.112E+03  
              366.671E-06         73.3412E-03        11.9825E+03 
              400.006E-06         80.0154E-03        12.8621E+03 
              433.334E-06         86.6885E-03        13.7826E+03 
              466.669E-06         93.3628E-03        14.4684E+03 
              500.004E-06        100.037E-03         15.0267E+03 
              533.338E-06        106.711E-03         15.7272E+03 
              566.667E-06        113.384E-03         16.1596E+03 
              600.001E-06        120.048E-03         16.7425E+03 
              633.336E-06        126.703E-03         17.1426E+03 
              666.671E-06        133.357E-03         17.5421E+03 
              700.006E-06        140.012E-03         17.972E+03  
              733.334E-06        146.666E-03         18.3209E+03 
              766.669E-06        153.32E-03          18.6187E+03 
              800.003E-06        159.975E-03         18.8997E+03 
              833.338E-06        166.63E-03          19.1638E+03 
              866.673E-06        173.284E-03         19.4063E+03 
              900.001E-06        179.938E-03         19.6197E+03 
              933.336E-06        186.593E-03         19.8076E+03 
              966.671E-06        193.247E-03         19.9775E+03 
                1.E-03           199.945E-03         20.1317E+03 
                1.03333E-03      206.661E-03         20.2727E+03 
                1.06667E-03      213.377E-03         20.4012E+03 
                1.1E-03          220.093E-03         20.5145E+03 
                1.13334E-03      226.81E-03          20.6153E+03 
                1.16667E-03      233.525E-03         20.7035E+03 
                1.2E-03          240.241E-03         20.7872E+03 
                1.23334E-03      246.957E-03         20.8701E+03 
                1.26667E-03      253.673E-03         20.9474E+03 
                1.3E-03          260.39E-03          21.0153E+03 
                1.33334E-03      267.105E-03         21.0773E+03 
                1.36667E-03      273.822E-03         21.138E+03  
                1.4E-03          280.538E-03         21.1942E+03 
                1.43333E-03      287.253E-03         21.2444E+03 
                1.46667E-03      293.97E-03          21.292E+03  
                1.5E-03          300.685E-03         21.3377E+03 
                1.53334E-03      307.402E-03         21.3792E+03 
                1.56667E-03      314.117E-03         21.4185E+03 
                1.60001E-03      320.834E-03         21.4564E+03 
                1.63334E-03      327.55E-03          21.4912E+03 
                1.66667E-03      334.265E-03         21.5244E+03 
                1.7E-03          340.982E-03         21.5561E+03 
                1.73333E-03      347.698E-03         21.5856E+03 
                1.76667E-03      354.414E-03         21.6138E+03 
                1.8E-03          361.13E-03          21.6405E+03 
                1.83334E-03      367.847E-03         21.6656E+03 
                1.86667E-03      374.562E-03         21.6894E+03 
                1.9E-03          381.278E-03         21.7119E+03 
                1.93334E-03      387.994E-03         21.7332E+03 
                1.96667E-03      394.71E-03          21.7533E+03 
                2.E-03           401.427E-03         21.7722E+03 
                2.03334E-03      408.142E-03         21.7902E+03 
                2.06667E-03      414.859E-03         21.8072E+03 
                2.1E-03          421.575E-03         21.8233E+03 
                2.13333E-03      428.29E-03          21.8385E+03 
                2.16667E-03      435.007E-03         21.8528E+03 
                2.2E-03          441.722E-03         21.8662E+03 
                2.23334E-03      448.439E-03         21.8788E+03 
                2.26667E-03      455.154E-03         21.8906E+03 
                2.30001E-03      461.871E-03         21.9017E+03 
                2.33334E-03      468.587E-03         21.912E+03  
                2.36667E-03      475.302E-03         21.9216E+03 
                2.4E-03          482.019E-03         21.9304E+03 
                2.43333E-03      488.735E-03         21.9386E+03 
                2.46667E-03      495.451E-03         21.946E+03  
                2.5E-03          502.109E-03         21.9528E+03 
                2.53334E-03      508.747E-03         21.959E+03  
                2.56667E-03      515.384E-03         21.9645E+03 
                2.6E-03          522.02E-03          21.9694E+03 
                2.63334E-03      528.658E-03         21.9736E+03 
                2.66667E-03      535.294E-03         21.9773E+03 
                2.7E-03          541.932E-03         21.9804E+03 
                2.73334E-03      548.569E-03         21.9829E+03 
                2.76667E-03      555.206E-03         21.9849E+03 
                2.8E-03          561.843E-03         21.9863E+03 
                2.83333E-03      568.479E-03         21.9872E+03 
                2.86667E-03      575.117E-03         21.9875E+03 
                2.9E-03          581.754E-03         21.9873E+03 
                2.93334E-03      588.391E-03         21.9865E+03 
                2.96667E-03      595.028E-03         21.9852E+03 
                3.00001E-03      601.666E-03         21.9834E+03 
                3.03334E-03      608.302E-03         21.9811E+03 
                3.06667E-03      614.939E-03         21.9783E+03 
                3.1E-03          621.576E-03         21.975E+03  
                3.13333E-03      628.213E-03         21.9712E+03 
                3.16667E-03      634.851E-03         21.9669E+03 
                3.2E-03          641.487E-03         21.9621E+03 
                3.23334E-03      648.125E-03         21.9569E+03 
                3.26667E-03      654.761E-03         21.9512E+03 
                3.3E-03          661.398E-03         21.945E+03  
                3.33334E-03      668.036E-03         21.9384E+03 
                3.36667E-03      674.672E-03         21.9313E+03 
                3.4E-03          681.31E-03          21.9238E+03 
                3.43334E-03      687.946E-03         21.9159E+03 
                3.46667E-03      694.584E-03         21.9075E+03 
                3.5E-03          701.221E-03         21.8987E+03 
                3.53333E-03      707.857E-03         21.8895E+03 
                3.56667E-03      714.495E-03         21.8798E+03 
                3.6E-03          721.131E-03         21.8698E+03 
                3.63334E-03      727.769E-03         21.8592E+03 
                3.66667E-03      734.406E-03         21.8484E+03 
                3.70001E-03      741.043E-03         21.8371E+03 
                3.73334E-03      747.68E-03          21.8254E+03 
                3.76667E-03      754.316E-03         21.8134E+03 
                3.8E-03          760.954E-03         21.8008E+03 
                3.83333E-03      767.59E-03          21.788E+03  
                3.86667E-03      774.228E-03         21.7747E+03 
                3.9E-03          780.865E-03         21.7611E+03 
                3.93333E-03      787.668E-03         21.7468E+03 
                3.96667E-03      794.561E-03         21.7319E+03 
                4.E-03           801.453E-03         21.7167E+03 
                4.03334E-03      808.342E-03         21.7012E+03 
                4.06667E-03      815.07E-03          21.6853E+03 
                4.1E-03          821.798E-03         21.6692E+03 
                4.13334E-03      828.527E-03         21.6527E+03 
                4.16667E-03      835.255E-03         21.6359E+03 
                4.2E-03          841.982E-03         21.6188E+03 
                4.23334E-03      848.615E-03         21.6015E+03 
                4.26667E-03      855.179E-03         21.5838E+03 
                4.3E-03          861.742E-03         21.5659E+03 
                4.33334E-03      868.307E-03         21.5477E+03 
                4.36667E-03      874.87E-03          21.5293E+03 
                4.4E-03          881.418E-03         21.5105E+03 
                4.43334E-03      887.817E-03         21.4915E+03 
                4.46667E-03      894.217E-03         21.4722E+03 
                4.5E-03          900.985E-03         21.4516E+03 
                4.53333E-03      907.918E-03         21.4301E+03 
                4.56667E-03      914.852E-03         21.4084E+03 
                4.6E-03          921.64E-03          21.3864E+03 
                4.63334E-03      928.396E-03         21.3641E+03 
                4.66667E-03      935.151E-03         21.3416E+03 
                4.70001E-03      941.908E-03         21.3187E+03 
                4.73334E-03      948.662E-03         21.2957E+03 
                4.76667E-03      955.299E-03         21.2723E+03 
                4.8E-03          961.876E-03         21.2487E+03 
                4.83333E-03      968.454E-03         21.2249E+03 
                4.86667E-03      975.033E-03         21.2007E+03 
                4.9E-03          981.61E-03          21.1763E+03 
                4.93333E-03      988.104E-03         21.1518E+03 
                4.96667E-03      994.504E-03         21.1269E+03 
                5.E-03             1.0009            21.1017E+03 
                5.03334E-03        1.00761           21.0752E+03 
                5.06667E-03        1.01459           21.0472E+03 
                5.1E-03            1.02157           21.019E+03  
                5.13333E-03        1.02856           20.9907E+03 
                5.16667E-03        1.03554           20.9619E+03 
                5.2E-03            1.04213           20.9331E+03 
                5.23334E-03        1.04873           20.9038E+03 
                5.26667E-03        1.05532           20.8743E+03 
                5.3E-03            1.06191           20.8445E+03 
                5.33333E-03        1.06851           20.8144E+03 
                5.36667E-03        1.0751            20.7842E+03 
                5.4E-03            1.0817            20.7537E+03 
                5.43334E-03        1.08829           20.7228E+03 
                5.46667E-03        1.09488           20.6919E+03 
                5.5E-03            1.10139           20.6604E+03 
                5.53334E-03        1.10778           20.6279E+03 
                5.56667E-03        1.11461           20.593E+03  
                5.6E-03            1.12143           20.5579E+03 
                5.63333E-03        1.12826           20.5224E+03 
                5.66667E-03        1.13509           20.4865E+03 
                5.7E-03            1.14191           20.4504E+03 
                5.73333E-03        1.14874           20.414E+03  
                5.76667E-03        1.15557           20.3773E+03 
                5.8E-03            1.16237           20.3404E+03 
                5.83333E-03        1.16877           20.3034E+03 
                5.86667E-03        1.17517           20.2657E+03 
                5.9E-03            1.18157           20.228E+03  
                5.93334E-03        1.18797           20.19E+03   
                5.96667E-03        1.19437           20.1517E+03 
                6.E-03             1.20077           20.1131E+03 
                6.03334E-03        1.20781           20.0701E+03 
                6.06667E-03        1.21492           20.0267E+03 
                6.1E-03            1.22203           19.9829E+03 
                6.13334E-03        1.22871           19.939E+03  
                6.16667E-03        1.23535           19.8947E+03 
                6.2E-03            1.24198           19.8497E+03 
                6.23334E-03        1.24862           19.8051E+03 
                6.26667E-03        1.25526           19.7597E+03 
                6.3E-03            1.26189           19.7143E+03 
                6.33334E-03        1.26853           19.6691E+03 
                6.36667E-03        1.27497           19.6234E+03 
                6.4E-03            1.28114           19.5783E+03 
                6.43334E-03        1.28807           19.5266E+03 
                6.46667E-03        1.295             19.4761E+03 
                6.5E-03            1.30193           19.4244E+03 
                6.53333E-03        1.30887           19.3734E+03 
                6.56667E-03        1.31567           19.3225E+03 
                6.6E-03            1.32207           19.2712E+03 
                6.63334E-03        1.32847           19.2203E+03 
                6.66667E-03        1.33487           19.1692E+03 
                6.7E-03            1.34127           19.1181E+03 
                6.73333E-03        1.34767           19.0673E+03 
                6.76667E-03        1.35482           19.0104E+03 
                6.8E-03            1.36192           18.9525E+03 
                6.83334E-03        1.36862           18.895E+03  
                6.86667E-03        1.37532           18.8372E+03 
                6.9E-03            1.38203           18.7796E+03 
                6.93333E-03        1.38873           18.7222E+03 
                6.96667E-03        1.39544           18.6657E+03 
                7.E-03             1.40214           18.6084E+03 
                7.03333E-03        1.40885           18.5515E+03 
                7.06667E-03        1.41496           18.4948E+03 
                7.1E-03            1.42105           18.4386E+03 
                7.13334E-03        1.42724           18.3815E+03 
                7.16667E-03        1.43435           18.3164E+03 
                7.2E-03            1.44146           18.251E+03  
                7.23333E-03        1.44858           18.1864E+03 
                7.26667E-03        1.45569           18.1221E+03 
                7.3E-03            1.4628            18.0575E+03 
                7.33334E-03        1.46933           17.9942E+03 
                7.36667E-03        1.47573           17.9309E+03 
                7.4E-03            1.48213           17.8675E+03 
                7.43333E-03        1.48853           17.805E+03  
                7.46667E-03        1.49493           17.7428E+03 
                7.5E-03            1.50133           17.6806E+03 
                7.53333E-03        1.50773           17.6189E+03 
                7.56667E-03        1.51413           17.5577E+03 
                7.6E-03            1.52053           17.4967E+03 
                7.63333E-03        1.52807           17.4252E+03 
                7.66667E-03        1.53489           17.3532E+03 
                7.7E-03            1.54172           17.2811E+03 
                7.73333E-03        1.54855           17.2096E+03 
                7.76667E-03        1.55537           17.1387E+03 
                7.8E-03            1.5622            17.0685E+03 
                7.83333E-03        1.56831           17.0056E+03 
                7.86667E-03        1.574             16.9483E+03 
                7.9E-03            1.58083           16.8787E+03 
                7.93333E-03        1.58937           16.793E+03  
                7.96667E-03        1.5979            16.7079E+03 
                8.E-03             1.60608           16.6231E+03 
                8.03333E-03        1.61354           16.539E+03  
                8.06667E-03        1.62101           16.4555E+03 
                8.1E-03            1.62848           16.3723E+03 
                8.13333E-03        1.63594           16.29E+03   
                8.16667E-03        1.64341           16.2075E+03 
                8.2E-03            1.65088           16.1262E+03 
                8.23333E-03        1.65834           16.0465E+03 
                8.26667E-03        1.66581           15.9668E+03 
                8.3E-03            1.67328           15.8882E+03 
                8.33333E-03        1.68074           15.81E+03   
                8.36667E-03        1.68821           15.7324E+03 
                8.4E-03            1.6953            15.6538E+03 
                8.43333E-03        1.7017            15.5769E+03 
                8.46667E-03        1.7081            15.4996E+03 
                8.49807E-03        1.71413           15.4278E+03 




