
                  X             Displacement          Force      

                0.                 0.                 1.47103    
               33.3369E-06         6.66726E-03        1.0392E+03 
               66.6717E-06        13.3357E-03         2.16352E+03
              100.E-06            20.0046E-03         3.27886E+03
              133.335E-06         26.673E-03          4.4306E+03 
              166.67E-06          33.3362E-03         5.64967E+03
              200.004E-06         39.9995E-03         6.80521E+03
              233.339E-06         46.6628E-03         7.91437E+03
              266.667E-06         53.3248E-03         8.75403E+03
              300.002E-06         59.9881E-03         9.54394E+03
              333.337E-06         66.6513E-03        10.529E+03  
              366.671E-06         73.3146E-03        11.4256E+03 
              400.006E-06         79.9779E-03        12.1333E+03 
              433.334E-06         86.6399E-03        12.9254E+03 
              466.669E-06         93.3032E-03        13.5302E+03 
              500.001E-06         99.9766E-03        14.1213E+03 
              533.335E-06        106.671E-03         14.5796E+03 
              566.67E-06         113.364E-03         15.0821E+03 
              600.005E-06        120.058E-03         15.4476E+03 
              633.34E-06         126.752E-03         15.7981E+03 
              666.668E-06        133.445E-03         16.1487E+03 
              700.003E-06        140.139E-03         16.4726E+03 
              733.337E-06        146.832E-03         16.7518E+03 
              766.672E-06        153.526E-03         17.0014E+03 
              800.E-06           160.219E-03         17.2316E+03 
              833.335E-06        166.913E-03         17.4415E+03 
              866.67E-06         173.606E-03         17.6345E+03 
              900.005E-06        180.3E-03           17.8122E+03 
              933.339E-06        186.994E-03         17.9745E+03 
              966.668E-06        193.687E-03         18.1223E+03 
                1.00001E-03      200.339E-03         18.2557E+03 
                1.03334E-03      206.971E-03         18.3832E+03 
                1.06667E-03      213.604E-03         18.5098E+03 
                1.10001E-03      220.237E-03         18.6258E+03 
                1.13334E-03      226.869E-03         18.729E+03  
                1.16667E-03      233.502E-03         18.8291E+03 
                1.20001E-03      240.135E-03         18.9288E+03 
                1.23334E-03      246.768E-03         19.0203E+03 
                1.26667E-03      253.369E-03         19.1052E+03 
                1.3E-03          259.963E-03         19.1894E+03 
                1.33334E-03      266.556E-03         19.2669E+03 
                1.36667E-03      273.15E-03          19.3385E+03 
                1.4E-03          279.744E-03         19.4082E+03 
                1.43334E-03      286.338E-03         19.4717E+03 
                1.46667E-03      292.932E-03         19.5325E+03 
                1.5E-03          299.526E-03         19.5895E+03 
                1.53334E-03      306.12E-03          19.6436E+03 
                1.56667E-03      312.714E-03         19.6954E+03 
                1.6E-03          319.308E-03         19.7437E+03 
                1.63334E-03      325.902E-03         19.7901E+03 
                1.66667E-03      332.496E-03         19.8337E+03 
                1.7E-03          339.089E-03         19.8754E+03 
                1.73334E-03      345.683E-03         19.9145E+03 
                1.76667E-03      352.277E-03         19.9518E+03 
                1.80001E-03      358.928E-03         19.9874E+03 
                1.83334E-03      365.644E-03         20.0215E+03 
                1.86667E-03      372.359E-03         20.0538E+03 
                1.9E-03          379.076E-03         20.0842E+03 
                1.93333E-03      385.792E-03         20.1131E+03 
                1.96667E-03      392.508E-03         20.1404E+03 
                2.E-03           399.224E-03         20.1663E+03 
                2.03334E-03      405.941E-03         20.1907E+03 
                2.06667E-03      412.656E-03         20.2138E+03 
                2.1E-03          419.372E-03         20.2354E+03 
                2.13334E-03      426.088E-03         20.2559E+03 
                2.16667E-03      432.804E-03         20.2751E+03 
                2.20001E-03      439.521E-03         20.2932E+03 
                2.23334E-03      446.236E-03         20.3101E+03 
                2.26667E-03      452.953E-03         20.326E+03  
                2.3E-03          459.668E-03         20.3408E+03 
                2.33333E-03      466.384E-03         20.3546E+03 
                2.36667E-03      473.101E-03         20.3673E+03 
                2.4E-03          479.816E-03         20.3791E+03 
                2.43334E-03      486.533E-03         20.39E+03   
                2.46667E-03      493.248E-03         20.4E+03    
                2.50001E-03      499.992E-03         20.4091E+03 
                2.53334E-03      506.786E-03         20.4173E+03 
                2.56667E-03      513.581E-03         20.4247E+03 
                2.6E-03          520.377E-03         20.4313E+03 
                2.63333E-03      527.171E-03         20.4371E+03 
                2.66667E-03      533.967E-03         20.4421E+03 
                2.7E-03          540.762E-03         20.4463E+03 
                2.73334E-03      547.558E-03         20.4498E+03 
                2.76667E-03      554.352E-03         20.4526E+03 
                2.8E-03          561.146E-03         20.4546E+03 
                2.83334E-03      567.942E-03         20.4559E+03 
                2.86667E-03      574.737E-03         20.4566E+03 
                2.90001E-03      581.532E-03         20.4566E+03 
                2.93334E-03      588.327E-03         20.4559E+03 
                2.96667E-03      595.123E-03         20.4545E+03 
                3.E-03           601.917E-03         20.4525E+03 
                3.03333E-03      608.712E-03         20.4499E+03 
                3.06667E-03      615.507E-03         20.4467E+03 
                3.1E-03          622.302E-03         20.4428E+03 
                3.13334E-03      629.098E-03         20.4384E+03 
                3.16667E-03      635.893E-03         20.4334E+03 
                3.20001E-03      642.688E-03         20.4279E+03 
                3.23334E-03      649.483E-03         20.4217E+03 
                3.26667E-03      656.277E-03         20.415E+03  
                3.3E-03          663.073E-03         20.4078E+03 
                3.33333E-03      669.868E-03         20.4001E+03 
                3.36667E-03      676.663E-03         20.3918E+03 
                3.4E-03          683.458E-03         20.383E+03  
                3.43334E-03      690.254E-03         20.3737E+03 
                3.46667E-03      697.048E-03         20.3639E+03 
                3.5E-03          703.842E-03         20.3537E+03 
                3.53334E-03      710.638E-03         20.3429E+03 
                3.56667E-03      717.433E-03         20.3317E+03 
                3.60001E-03      724.229E-03         20.3201E+03 
                3.63334E-03      731.023E-03         20.308E+03  
                3.66667E-03      737.819E-03         20.2954E+03 
                3.7E-03          744.614E-03         20.2824E+03 
                3.73333E-03      751.408E-03         20.269E+03  
                3.76667E-03      758.204E-03         20.2552E+03 
                3.8E-03          764.998E-03         20.2409E+03 
                3.83334E-03      771.794E-03         20.2262E+03 
                3.86667E-03      778.589E-03         20.2111E+03 
                3.90001E-03      785.385E-03         20.1956E+03 
                3.93334E-03      791.981E-03         20.1801E+03 
                3.96667E-03      798.534E-03         20.1644E+03 
                4.E-03           805.086E-03         20.1484E+03 
                4.03333E-03      811.639E-03         20.132E+03  
                4.06667E-03      818.191E-03         20.1152E+03 
                4.1E-03          824.743E-03         20.098E+03  
                4.13333E-03      831.295E-03         20.0805E+03 
                4.16667E-03      837.849E-03         20.0626E+03 
                4.20001E-03      844.402E-03         20.0444E+03 
                4.23334E-03      850.954E-03         20.0258E+03 
                4.26667E-03      857.506E-03         20.0069E+03 
                4.3E-03          864.058E-03         19.9876E+03 
                4.33334E-03      870.611E-03         19.9679E+03 
                4.36667E-03      877.113E-03         19.9479E+03 
                4.4E-03          883.513E-03         19.9277E+03 
                4.43333E-03      890.085E-03         19.9066E+03 
                4.46667E-03      896.978E-03         19.8843E+03 
                4.5E-03          903.839E-03         19.8617E+03 
                4.53333E-03      910.402E-03         19.8396E+03 
                4.56667E-03      916.967E-03         19.8172E+03 
                4.6E-03          923.531E-03         19.7945E+03 
                4.63334E-03      930.096E-03         19.7714E+03 
                4.66667E-03      936.875E-03         19.7474E+03 
                4.7E-03          943.809E-03         19.7224E+03 
                4.73334E-03      950.742E-03         19.697E+03  
                4.76667E-03      957.675E-03         19.6712E+03 
                4.8E-03          964.608E-03         19.645E+03  
                4.83334E-03      971.542E-03         19.6185E+03 
                4.86667E-03      978.476E-03         19.5915E+03 
                4.9E-03          985.409E-03         19.5642E+03 
                4.93333E-03      992.31E-03          19.5365E+03 
                4.96667E-03      999.067E-03         19.5084E+03 
                5.E-03             1.00582           19.4799E+03 
                5.03334E-03        1.01258           19.4509E+03 
                5.06667E-03        1.01933           19.4216E+03 
                5.1E-03            1.02614           19.3916E+03 
                5.13333E-03        1.03297           19.3611E+03 
                5.16667E-03        1.03979           19.3301E+03 
                5.2E-03            1.04662           19.2987E+03 
                5.23334E-03        1.05345           19.2669E+03 
                5.26667E-03        1.06027           19.2346E+03 
                5.3E-03            1.0671            19.2019E+03 
                5.33334E-03        1.07393           19.1686E+03 
                5.36667E-03        1.08075           19.1349E+03 
                5.4E-03            1.08758           19.1007E+03 
                5.43334E-03        1.09441           19.0661E+03 
                5.46667E-03        1.10123           19.0309E+03 
                5.5E-03            1.10806           18.9952E+03 
                5.53334E-03        1.11489           18.9589E+03 
                5.56667E-03        1.12172           18.9221E+03 
                5.6E-03            1.12854           18.8848E+03 
                5.63333E-03        1.13537           18.847E+03  
                5.66667E-03        1.14219           18.8085E+03 
                5.7E-03            1.14902           18.7694E+03 
                5.73333E-03        1.15585           18.7298E+03 
                5.76667E-03        1.16267           18.6896E+03 
                5.8E-03            1.1695            18.6488E+03 
                5.83333E-03        1.17633           18.6074E+03 
                5.86667E-03        1.18315           18.5654E+03 
                5.9E-03            1.18998           18.5227E+03 
                5.93334E-03        1.19681           18.4797E+03 
                5.96667E-03        1.20363           18.4364E+03 
                6.E-03             1.21046           18.3928E+03 
                6.03334E-03        1.21729           18.3491E+03 
                6.06667E-03        1.22406           18.3051E+03 
                6.1E-03            1.23046           18.261E+03  
                6.13334E-03        1.23686           18.2167E+03 
                6.16667E-03        1.24326           18.1721E+03 
                6.2E-03            1.24966           18.1276E+03 
                6.23334E-03        1.25659           18.0791E+03 
                6.26667E-03        1.2637            18.0291E+03 
                6.3E-03            1.2705            17.979E+03  
                6.33334E-03        1.27714           17.9288E+03 
                6.36667E-03        1.28378           17.8786E+03 
                6.4E-03            1.29041           17.8282E+03 
                6.43333E-03        1.29705           17.7777E+03 
                6.46667E-03        1.30369           17.7272E+03 
                6.5E-03            1.31018           17.6768E+03 
                6.53333E-03        1.31634           17.6263E+03 
                6.56667E-03        1.32317           17.5704E+03 
                6.6E-03            1.3301            17.5135E+03 
                6.63334E-03        1.33703           17.4568E+03 
                6.66667E-03        1.34397           17.4002E+03 
                6.7E-03            1.35086           17.3436E+03 
                6.73333E-03        1.35726           17.2873E+03 
                6.76667E-03        1.36366           17.231E+03  
                6.8E-03            1.37006           17.1748E+03 
                6.83334E-03        1.37646           17.1189E+03 
                6.86667E-03        1.38286           17.063E+03  
                6.9E-03            1.38991           17.0017E+03 
                6.93333E-03        1.39704           16.9381E+03 
                6.96667E-03        1.40375           16.875E+03  
                7.E-03             1.41045           16.8122E+03 
                7.03333E-03        1.41716           16.7496E+03 
                7.06667E-03        1.42386           16.6874E+03 
                7.1E-03            1.43057           16.6254E+03 
                7.13334E-03        1.43727           16.564E+03  
                7.16667E-03        1.44393           16.5029E+03 
                7.2E-03            1.45003           16.4422E+03 
                7.23333E-03        1.45612           16.3817E+03 
                7.26667E-03        1.46249           16.3189E+03 
                7.3E-03            1.46961           16.2493E+03 
                7.33333E-03        1.47672           16.1801E+03 
                7.36667E-03        1.48383           16.1115E+03 
                7.4E-03            1.49094           16.0433E+03 
                7.43334E-03        1.49791           15.9755E+03 
                7.46667E-03        1.5043            15.9083E+03 
                7.5E-03            1.5107            15.8414E+03 
                7.53333E-03        1.5171            15.7752E+03 
                7.56667E-03        1.5235            15.7093E+03 
                7.6E-03            1.5299            15.6443E+03 
                7.63333E-03        1.5363            15.5799E+03 
                7.66667E-03        1.54271           15.516E+03  
                7.7E-03            1.5491            15.4525E+03 
                7.73333E-03        1.55658           15.3782E+03 
                7.76667E-03        1.56341           15.3038E+03 
                7.8E-03            1.57024           15.2302E+03 
                7.83333E-03        1.57635           15.1649E+03 
                7.86667E-03        1.58204           15.1047E+03 
                7.9E-03            1.58773           15.0452E+03 
                7.93333E-03        1.59342           14.9862E+03 
                7.96667E-03        1.59911           14.9278E+03 
                8.E-03             1.60718           14.8458E+03 
                8.03333E-03        1.61571           14.7608E+03 
                8.06667E-03        1.62407           14.6769E+03 
                8.1E-03            1.63154           14.5943E+03 
                8.13333E-03        1.63901           14.5126E+03 
                8.16667E-03        1.64647           14.4316E+03 
                8.2E-03            1.65394           14.3517E+03 
                8.23333E-03        1.6614            14.2729E+03 
                8.26667E-03        1.66887           14.1951E+03 
                8.3E-03            1.67634           14.1184E+03 
                8.33333E-03        1.68381           14.0426E+03 
                8.36667E-03        1.69127           13.9673E+03 
                8.4E-03            1.69874           13.893E+03  
                8.43333E-03        1.70558           13.8194E+03 
                8.46667E-03        1.71198           13.7465E+03 
                8.5E-03            1.71838           13.6743E+03 
                8.53333E-03        1.72478           13.6029E+03 
                8.56667E-03        1.73118           13.5322E+03 
                8.6E-03            1.73758           13.4624E+03 
                8.63333E-03        1.74398           13.3933E+03 
                8.66667E-03        1.75038           13.3245E+03 
                8.7E-03            1.75678           13.2565E+03 
                8.73333E-03        1.76318           13.1892E+03 
                8.76667E-03        1.76958           13.1223E+03 
                8.8E-03            1.77598           13.0566E+03 
                8.83333E-03        1.78238           12.9914E+03 
                8.86667E-03        1.78878           12.9269E+03 
                8.9E-03            1.79518           12.863E+03  
                8.93333E-03        1.8012            12.8E+03    
                8.96667E-03        1.80654           12.7374E+03 
                9.E-03             1.81187           12.6759E+03 
                9.03333E-03        1.8172            12.6148E+03 
                9.06667E-03        1.82254           12.5545E+03 
                9.1E-03            1.82787           12.4952E+03 
                9.13333E-03        1.8332            12.4362E+03 
                9.16667E-03        1.83854           12.3781E+03 
                9.2E-03            1.84387           12.3201E+03 
                9.23333E-03        1.8492            12.2629E+03 
                9.26667E-03        1.85454           12.2061E+03 
                9.3E-03            1.85987           12.1499E+03 
                9.33333E-03        1.8652            12.0937E+03 
                9.36667E-03        1.87054           12.038E+03  
                9.4E-03            1.87587           11.983E+03  
                9.43333E-03        1.8812            11.9281E+03 
                9.46667E-03        1.88654           11.8739E+03 
                9.5E-03            1.89187           11.8203E+03 
                9.53333E-03        1.8972            11.7671E+03 
                9.56667E-03        1.90254           11.7142E+03 
                9.6E-03            1.91314           11.6103E+03 
                9.63333E-03        1.92381           11.5077E+03 
                9.66667E-03        1.934             11.4074E+03 
                9.7E-03            1.94253           11.3089E+03 
                9.73333E-03        1.95107           11.2119E+03 
                9.76667E-03        1.9596            11.1176E+03 
                9.8E-03            1.96813           11.0287E+03 
                9.83333E-03        1.97655           10.9473E+03 
                9.86667E-03        1.98295           10.8729E+03 
                9.9E-03            1.98935           10.8005E+03 
                9.93333E-03        1.99622           10.7287E+03 
                9.96667E-03        2.00475           10.6562E+03 
               10.E-03             2.01328           10.5836E+03 




