
                  X             Displacement          Force      

                0.                 0.                 6.95742    
               50.0004E-06         7.50051E-03      874.775      
              100.005E-06         15.0001E-03         1.55555E+03
              150.001E-06         22.5018E-03         2.61882E+03
              200.003E-06         30.0078E-03         3.22884E+03
              250.005E-06         37.5138E-03         4.24737E+03
              300.E-06            45.0188E-03         4.96701E+03
              350.003E-06         52.5248E-03         5.83298E+03
              400.005E-06         60.0308E-03         6.50352E+03
              450.007E-06         67.5266E-03         7.23308E+03
              500.002E-06         75.0186E-03         8.0469E+03 
              550.004E-06         82.5052E-03         8.65542E+03
              600.002E-06         90.0192E-03         9.26068E+03
              650.002E-06         97.5389E-03         9.88701E+03
              700.003E-06        105.041E-03         10.4475E+03 
              750.003E-06        112.542E-03         10.9779E+03 
              800.004E-06        120.044E-03         11.4423E+03 
              850.004E-06        127.546E-03         11.8651E+03 
              900.005E-06        135.047E-03         12.2422E+03 
              950.005E-06        142.549E-03         12.5732E+03 
                1.00001E-03      150.051E-03         12.8851E+03 
                1.05001E-03      157.553E-03         13.1916E+03 
                1.10001E-03      165.054E-03         13.4604E+03 
                1.15E-03         172.555E-03         13.6755E+03 
                1.2E-03          180.057E-03         13.8984E+03 
                1.25E-03         187.559E-03         14.1039E+03 
                1.3E-03          195.06E-03          14.2681E+03 
                1.35E-03         202.562E-03         14.444E+03  
                1.4E-03          210.064E-03         14.5769E+03 
                1.45E-03         217.565E-03         14.7195E+03 
                1.5E-03          225.067E-03         14.8499E+03 
                1.55E-03         232.569E-03         14.9544E+03 
                1.6E-03          240.07E-03          15.072E+03  
                1.65E-03         247.572E-03         15.178E+03  
                1.70001E-03      255.114E-03         15.2642E+03 
                1.75001E-03      262.669E-03         15.3417E+03 
                1.80001E-03      270.223E-03         15.4172E+03 
                1.85001E-03      277.777E-03         15.489E+03  
                1.9E-03          285.33E-03          15.5556E+03 
                1.95E-03         292.884E-03         15.6165E+03 
                2.E-03           300.324E-03         15.6698E+03 
                2.05E-03         307.756E-03         15.718E+03  
                2.10001E-03      315.189E-03         15.7616E+03 
                2.15E-03         322.621E-03         15.8015E+03 
                2.2E-03          330.053E-03         15.8379E+03 
                2.25001E-03      337.486E-03         15.8719E+03 
                2.3E-03          344.918E-03         15.904E+03  
                2.35E-03         352.35E-03          15.9344E+03 
                2.40001E-03      359.783E-03         15.9627E+03 
                2.45001E-03      367.207E-03         15.9873E+03 
                2.5E-03          374.78E-03          16.0088E+03 
                2.55E-03         382.353E-03         16.0266E+03 
                2.6E-03          389.925E-03         16.0415E+03 
                2.65001E-03      397.5E-03           16.0562E+03 
                2.7E-03          405.072E-03         16.0697E+03 
                2.75E-03         412.646E-03         16.081E+03  
                2.8E-03          420.219E-03         16.0889E+03 
                2.85E-03         427.793E-03         16.0947E+03 
                2.9E-03          435.265E-03         16.0994E+03 
                2.95E-03         442.732E-03         16.1029E+03 
                3.00001E-03      450.199E-03         16.1042E+03 
                3.05E-03         457.665E-03         16.1039E+03 
                3.1E-03          465.132E-03         16.1021E+03 
                3.15E-03         472.584E-03         16.099E+03  
                3.20001E-03      479.944E-03         16.0945E+03 
                3.25E-03         487.387E-03         16.0885E+03 
                3.3E-03          495.E-03            16.0811E+03 
                3.35E-03         502.559E-03         16.0724E+03 
                3.4E-03          510.062E-03         16.0624E+03 
                3.45001E-03      517.567E-03         16.0512E+03 
                3.50001E-03      525.07E-03          16.0389E+03 
                3.55E-03         532.574E-03         16.0254E+03 
                3.6E-03          540.077E-03         16.0109E+03 
                3.65E-03         547.58E-03          15.9954E+03 
                3.7E-03          554.964E-03         15.9788E+03 
                3.75E-03         562.433E-03         15.9609E+03 
                3.8E-03          569.977E-03         15.9418E+03 
                3.85001E-03      577.52E-03          15.9216E+03 
                3.9E-03          585.062E-03         15.9006E+03 
                3.95E-03         592.606E-03         15.8785E+03 
                4.E-03           600.147E-03         15.8556E+03 
                4.05E-03         607.691E-03         15.8317E+03 
                4.1E-03          615.233E-03         15.807E+03  
                4.15E-03         622.776E-03         15.7814E+03 
                4.20001E-03      630.32E-03          15.7549E+03 
                4.25E-03         637.862E-03         15.7275E+03 
                4.3E-03          645.334E-03         15.6993E+03 
                4.35E-03         652.648E-03         15.6704E+03 
                4.4E-03          659.963E-03         15.6405E+03 
                4.45001E-03      667.278E-03         15.6098E+03 
                4.5E-03          674.591E-03         15.5782E+03 
                4.55E-03         681.906E-03         15.546E+03  
                4.6E-03          689.22E-03          15.5129E+03 
                4.65E-03         696.535E-03         15.479E+03  
                4.7E-03          703.848E-03         15.4444E+03 
                4.75E-03         711.163E-03         15.409E+03  
                4.8E-03          718.536E-03         15.3727E+03 
                4.85E-03         726.414E-03         15.3329E+03 
                4.9E-03          734.135E-03         15.2923E+03 
                4.95E-03         741.766E-03         15.2507E+03 
                5.00001E-03      749.397E-03         15.2083E+03 
                5.05E-03         757.027E-03         15.165E+03  
                5.1E-03          764.658E-03         15.1206E+03 
                5.15E-03         772.289E-03         15.0754E+03 
                5.2E-03          779.92E-03          15.0292E+03 
                5.25E-03         787.55E-03          14.9822E+03 
                5.3E-03          795.181E-03         14.9341E+03 
                5.35E-03         802.811E-03         14.8849E+03 
                5.4E-03          810.443E-03         14.8347E+03 
                5.45001E-03      818.074E-03         14.7835E+03 
                5.5E-03          825.704E-03         14.7313E+03 
                5.55E-03         833.132E-03         14.6787E+03 
                5.6E-03          840.516E-03         14.6256E+03 
                5.65E-03         847.786E-03         14.5722E+03 
                5.70001E-03      855.516E-03         14.5138E+03 
                5.75E-03         863.165E-03         14.455E+03  
                5.8E-03          870.632E-03         14.3957E+03 
                5.85E-03         878.033E-03         14.3361E+03 
                5.9E-03          885.323E-03         14.2754E+03 
                5.95E-03         893.091E-03         14.2097E+03 
                6.E-03           900.655E-03         14.1435E+03 
                6.05E-03         908.092E-03         14.0772E+03 
                6.1E-03          915.365E-03         14.0106E+03 
                6.15E-03         923.E-03            13.9389E+03 
                6.2E-03          930.68E-03          13.8653E+03 
                6.25E-03         938.124E-03         13.7915E+03 
                6.3E-03          945.484E-03         13.7177E+03 
                6.35E-03         952.854E-03         13.6409E+03 
                6.4E-03          960.677E-03         13.5587E+03 
                6.45E-03         968.174E-03         13.4766E+03 
                6.5E-03          975.641E-03         13.3947E+03 
                6.55E-03         982.791E-03         13.3127E+03 
                6.6E-03          990.463E-03         13.2243E+03 
                6.65E-03         998.154E-03         13.1327E+03 
                6.7E-03            1.00553           13.0413E+03 
                6.75E-03           1.01273           12.9501E+03 
                6.8E-03            1.01993           12.8592E+03 
                6.85E-03           1.02741           12.7654E+03 
                6.9E-03            1.03564           12.6626E+03 
                6.95E-03           1.04305           12.5602E+03 
                7.E-03             1.05036           12.4587E+03 
                7.05E-03           1.05768           12.3578E+03 
                7.1E-03            1.06499           12.2576E+03 
                7.15E-03           1.07231           12.1579E+03 
                7.2E-03            1.08047           12.0451E+03 
                7.25E-03           1.08793           11.9302E+03 
                7.3E-03            1.0954            11.8167E+03 
                7.35E-03           1.10287           11.7039E+03 
                7.4E-03            1.11033           11.5919E+03 
                7.45E-03           1.1178            11.4811E+03 
                7.5E-03            1.12527           11.3713E+03 
                7.55E-03           1.13252           11.2625E+03 
                7.6E-03            1.13986           11.1392E+03 
                7.65E-03           1.14754           11.0106E+03 
                7.7E-03            1.15522           10.884E+03  
                7.75E-03           1.1629            10.7582E+03 
                7.8E-03            1.17058           10.634E+03  
                7.85E-03           1.1797            10.4885E+03 
                7.9E-03            1.1893            10.3371E+03 
                7.95E-03           1.19862           10.1877E+03 
                8.E-03             1.20662           10.0416E+03 
                8.05E-03           1.21461            9.89769E+03
                8.1E-03            1.22261            9.75528E+03
                8.15E-03           1.23061            9.61523E+03
                8.2E-03            1.23861            9.47744E+03
                8.25E-03           1.24662            9.34348E+03
                8.3E-03            1.25462            9.21067E+03
                8.35E-03           1.26262            9.07919E+03
                8.4E-03            1.27061            8.94911E+03
                8.45E-03           1.27837            8.82364E+03
                8.5E-03            1.28477            8.70209E+03
                8.55E-03           1.29117            8.58323E+03
                8.6E-03            1.29757            8.46585E+03
                8.65E-03           1.30397            8.34987E+03
                8.7E-03            1.31037            8.23484E+03
                8.75E-03           1.31677            8.12125E+03
                8.8E-03            1.32317            8.01143E+03
                8.85E-03           1.32957            7.90571E+03
                8.9E-03            1.33597            7.80378E+03
                8.95E-03           1.34237            7.70355E+03
                9.E-03             1.34877            7.60588E+03
                9.05E-03           1.35517            7.50969E+03
                9.1E-03            1.36157            7.41522E+03
                9.15E-03           1.36797            7.32503E+03
                9.2E-03            1.37437            7.23638E+03
                9.25E-03           1.38242            7.12235E+03
                9.3E-03            1.39202            6.95556E+03
                9.35E-03           1.40162            6.7957E+03 
                9.4E-03            1.41122            6.64276E+03
                9.45E-03           1.42082            6.49713E+03
                9.5E-03            1.43042            6.3615E+03 
                9.55E-03           1.44002            6.23411E+03
                9.6E-03            1.44962            6.10999E+03
                9.65E-03           1.45922            5.98927E+03
                9.7E-03            1.46882            5.8738E+03 
                9.75E-03           1.47842            5.76473E+03
                9.8E-03            1.48779            5.6633E+03 
                9.85E-03           1.49419            5.5761E+03 
                9.9E-03            1.50058            5.49619E+03
                9.95E-03           1.50699            5.42394E+03
               10.E-03             1.51339            5.35556E+03




