
                  X             Displacement          Force      

                0.                 0.                 1.48547    
               33.3387E-06         6.66791E-03        1.03919E+03
               66.6722E-06        13.3349E-03         2.16238E+03
              100.002E-06         19.9993E-03         3.27781E+03
              133.338E-06         26.6675E-03         4.436E+03  
              166.67E-06          33.3383E-03         5.6658E+03 
              200.002E-06         40.009E-03          6.85162E+03
              233.334E-06         46.6798E-03         8.05999E+03
              266.668E-06         53.3404E-03         9.13473E+03
              300.001E-06         59.996E-03         10.1315E+03 
              333.335E-06         66.6449E-03        11.0583E+03 
              366.668E-06         73.2907E-03        11.9293E+03 
              400.001E-06         79.9365E-03        12.8129E+03 
              433.335E-06         86.5823E-03        13.7108E+03 
              466.668E-06         93.2281E-03        14.3577E+03 
              500.004E-06         99.8852E-03        14.7298E+03 
              533.335E-06        106.561E-03         15.2103E+03 
              566.672E-06        113.239E-03         15.4251E+03 
              600.002E-06        119.915E-03         15.7167E+03 
              633.339E-06        126.592E-03         15.9414E+03 
              666.67E-06         133.268E-03         16.1039E+03 
              700.001E-06        139.944E-03         16.2574E+03 
              733.337E-06        146.621E-03         16.4027E+03 
              766.668E-06        153.297E-03         16.5363E+03 
              800.005E-06        159.974E-03         16.6569E+03 
              833.336E-06        166.65E-03          16.7667E+03 
              866.673E-06        173.327E-03         16.8691E+03 
              900.003E-06        180.004E-03         16.9653E+03 
              933.334E-06        186.68E-03          17.0563E+03 
              966.671E-06        193.357E-03         17.1409E+03 
                1.E-03           200.033E-03         17.2194E+03 
                1.03334E-03      206.71E-03          17.2927E+03 
                1.06667E-03      213.386E-03         17.3631E+03 
                1.10001E-03      220.063E-03         17.4313E+03 
                1.13334E-03      226.739E-03         17.4953E+03 
                1.16667E-03      233.415E-03         17.555E+03  
                1.2E-03          240.093E-03         17.6116E+03 
                1.23333E-03      246.769E-03         17.666E+03  
                1.26667E-03      253.419E-03         17.7173E+03 
                1.3E-03          260.056E-03         17.7659E+03 
                1.33334E-03      266.693E-03         17.8125E+03 
                1.36667E-03      273.33E-03          17.8569E+03 
                1.4E-03          279.966E-03         17.8992E+03 
                1.43334E-03      286.604E-03         17.9397E+03 
                1.46667E-03      293.241E-03         17.9784E+03 
                1.50001E-03      299.878E-03         18.0155E+03 
                1.53334E-03      306.515E-03         18.0509E+03 
                1.56667E-03      313.153E-03         18.0849E+03 
                1.6E-03          319.789E-03         18.1173E+03 
                1.63333E-03      326.426E-03         18.1482E+03 
                1.66667E-03      333.063E-03         18.1778E+03 
                1.7E-03          339.7E-03           18.206E+03  
                1.73334E-03      346.338E-03         18.2331E+03 
                1.76667E-03      352.974E-03         18.2588E+03 
                1.80001E-03      359.612E-03         18.2835E+03 
                1.83334E-03      366.248E-03         18.3071E+03 
                1.86667E-03      372.885E-03         18.3296E+03 
                1.9E-03          379.523E-03         18.3512E+03 
                1.93333E-03      386.159E-03         18.3718E+03 
                1.96667E-03      392.797E-03         18.3914E+03 
                2.E-03           399.433E-03         18.4102E+03 
                2.03334E-03      406.071E-03         18.428E+03  
                2.06667E-03      412.708E-03         18.4451E+03 
                2.1E-03          419.344E-03         18.4612E+03 
                2.13334E-03      425.982E-03         18.4766E+03 
                2.16667E-03      432.618E-03         18.4912E+03 
                2.2E-03          439.256E-03         18.505E+03  
                2.23334E-03      445.893E-03         18.518E+03  
                2.26667E-03      452.53E-03          18.5304E+03 
                2.3E-03          459.167E-03         18.542E+03  
                2.33333E-03      465.803E-03         18.5529E+03 
                2.36667E-03      472.441E-03         18.5631E+03 
                2.4E-03          479.078E-03         18.5727E+03 
                2.43334E-03      485.716E-03         18.5817E+03 
                2.46667E-03      492.352E-03         18.59E+03   
                2.50001E-03      498.99E-03          18.5977E+03 
                2.53334E-03      505.626E-03         18.6048E+03 
                2.56667E-03      512.263E-03         18.6114E+03 
                2.6E-03          518.9E-03           18.6173E+03 
                2.63333E-03      525.537E-03         18.6227E+03 
                2.66667E-03      532.175E-03         18.6275E+03 
                2.7E-03          538.811E-03         18.6318E+03 
                2.73334E-03      545.449E-03         18.6355E+03 
                2.76667E-03      552.086E-03         18.6387E+03 
                2.8E-03          558.722E-03         18.6413E+03 
                2.83334E-03      565.36E-03          18.6435E+03 
                2.86667E-03      571.996E-03         18.6451E+03 
                2.9E-03          578.634E-03         18.6462E+03 
                2.93334E-03      585.27E-03          18.6468E+03 
                2.96667E-03      591.908E-03         18.647E+03  
                3.E-03           598.545E-03         18.6467E+03 
                3.03333E-03      605.181E-03         18.6458E+03 
                3.06667E-03      611.819E-03         18.6446E+03 
                3.1E-03          618.456E-03         18.6428E+03 
                3.13334E-03      625.093E-03         18.6406E+03 
                3.16667E-03      631.73E-03          18.6379E+03 
                3.20001E-03      638.368E-03         18.6348E+03 
                3.23334E-03      645.004E-03         18.6313E+03 
                3.26667E-03      651.64E-03          18.6273E+03 
                3.3E-03          658.278E-03         18.6228E+03 
                3.33333E-03      664.915E-03         18.618E+03  
                3.36667E-03      671.553E-03         18.6127E+03 
                3.4E-03          678.189E-03         18.6071E+03 
                3.43334E-03      684.827E-03         18.601E+03  
                3.46667E-03      691.463E-03         18.5946E+03 
                3.5E-03          698.1E-03           18.5877E+03 
                3.53334E-03      704.737E-03         18.5805E+03 
                3.56667E-03      711.374E-03         18.5729E+03 
                3.6E-03          718.012E-03         18.565E+03  
                3.63334E-03      724.648E-03         18.5566E+03 
                3.66667E-03      731.286E-03         18.5479E+03 
                3.7E-03          737.923E-03         18.5389E+03 
                3.73333E-03      744.559E-03         18.5295E+03 
                3.76667E-03      751.197E-03         18.5197E+03 
                3.8E-03          757.833E-03         18.5096E+03 
                3.83334E-03      764.471E-03         18.4991E+03 
                3.86667E-03      771.107E-03         18.4883E+03 
                3.90001E-03      777.745E-03         18.4772E+03 
                3.93334E-03      784.59E-03          18.4654E+03 
                3.96667E-03      791.481E-03         18.4532E+03 
                4.E-03           798.373E-03         18.4407E+03 
                4.03334E-03      805.266E-03         18.4278E+03 
                4.06667E-03      812.029E-03         18.438E+03  
                4.1E-03          818.623E-03         18.4203E+03 
                4.13334E-03      825.218E-03         18.4026E+03 
                4.16667E-03      831.812E-03         18.3837E+03 
                4.2E-03          838.405E-03         18.3656E+03 
                4.23334E-03      844.999E-03         18.3468E+03 
                4.26667E-03      851.593E-03         18.3289E+03 
                4.3E-03          858.187E-03         18.313E+03  
                4.33333E-03      864.781E-03         18.2969E+03 
                4.36667E-03      871.375E-03         18.2811E+03 
                4.4E-03          877.969E-03         18.2655E+03 
                4.43334E-03      884.563E-03         18.2501E+03 
                4.46667E-03      891.157E-03         18.2342E+03 
                4.5E-03          897.751E-03         18.218E+03  
                4.53333E-03      904.344E-03         18.2013E+03 
                4.56667E-03      910.938E-03         18.1842E+03 
                4.6E-03          917.532E-03         18.1666E+03 
                4.63334E-03      924.126E-03         18.1486E+03 
                4.66667E-03      930.72E-03          18.1301E+03 
                4.7E-03          937.315E-03         18.1112E+03 
                4.73333E-03      943.908E-03         18.0919E+03 
                4.76667E-03      950.502E-03         18.0725E+03 
                4.8E-03          957.096E-03         18.0527E+03 
                4.83334E-03      963.69E-03          18.0327E+03 
                4.86667E-03      970.284E-03         18.0125E+03 
                4.9E-03          976.878E-03         17.9918E+03 
                4.93334E-03      983.472E-03         17.9708E+03 
                4.96667E-03      990.066E-03         17.9496E+03 
                5.E-03           996.66E-03          17.9281E+03 
                5.03333E-03        1.00325           17.9061E+03 
                5.06667E-03        1.00985           17.8839E+03 
                5.1E-03            1.01644           17.8614E+03 
                5.13334E-03        1.02304           17.8385E+03 
                5.16667E-03        1.02963           17.8155E+03 
                5.2E-03            1.03622           17.7921E+03 
                5.23333E-03        1.04282           17.7682E+03 
                5.26667E-03        1.04941           17.744E+03  
                5.3E-03            1.05601           17.7194E+03 
                5.33334E-03        1.0626            17.6946E+03 
                5.36667E-03        1.06919           17.6692E+03 
                5.4E-03            1.07579           17.644E+03  
                5.43333E-03        1.08238           17.6184E+03 
                5.46667E-03        1.08897           17.5927E+03 
                5.5E-03            1.09557           17.5667E+03 
                5.53333E-03        1.10215           17.5403E+03 
                5.56667E-03        1.10859           17.5138E+03 
                5.6E-03            1.11514           17.4857E+03 
                5.63334E-03        1.12196           17.4561E+03 
                5.66667E-03        1.12879           17.4263E+03 
                5.7E-03            1.13562           17.3962E+03 
                5.73334E-03        1.14244           17.3658E+03 
                5.76667E-03        1.14927           17.3353E+03 
                5.8E-03            1.1561            17.3044E+03 
                5.83334E-03        1.16289           17.2732E+03 
                5.86667E-03        1.16929           17.2435E+03 
                5.9E-03            1.17569           17.2135E+03 
                5.93333E-03        1.18209           17.1827E+03 
                5.96667E-03        1.18849           17.1515E+03 
                6.E-03             1.19489           17.12E+03   
                6.03333E-03        1.20129           17.0879E+03 
                6.06667E-03        1.20769           17.0556E+03 
                6.1E-03            1.21409           17.0225E+03 
                6.13333E-03        1.22111           16.986E+03  
                6.16667E-03        1.22823           16.9487E+03 
                6.2E-03            1.23501           16.9111E+03 
                6.23333E-03        1.24164           16.8737E+03 
                6.26667E-03        1.24828           16.8358E+03 
                6.3E-03            1.25492           16.7976E+03 
                6.33333E-03        1.26155           16.7595E+03 
                6.36667E-03        1.26819           16.7209E+03 
                6.4E-03            1.27483           16.6825E+03 
                6.43334E-03        1.28121           16.6438E+03 
                6.46667E-03        1.28738           16.605E+03  
                6.5E-03            1.29425           16.5616E+03 
                6.53333E-03        1.30118           16.5176E+03 
                6.56667E-03        1.30811           16.4736E+03 
                6.6E-03            1.31505           16.4294E+03 
                6.63334E-03        1.32198           16.3851E+03 
                6.66667E-03        1.32858           16.3408E+03 
                6.7E-03            1.33498           16.2967E+03 
                6.73333E-03        1.34138           16.2522E+03 
                6.76667E-03        1.34778           16.208E+03  
                6.8E-03            1.35418           16.1636E+03 
                6.83334E-03        1.36058           16.1193E+03 
                6.86667E-03        1.36771           16.0699E+03 
                6.9E-03            1.37486           16.0194E+03 
                6.93333E-03        1.38156           15.9687E+03 
                6.96667E-03        1.38827           15.9183E+03 
                7.E-03             1.39497           15.8681E+03 
                7.03334E-03        1.40168           15.818E+03  
                7.06667E-03        1.40838           15.768E+03  
                7.1E-03            1.41509           15.718E+03  
                7.13334E-03        1.42179           15.6682E+03 
                7.16667E-03        1.42818           15.6184E+03 
                7.2E-03            1.43428           15.5691E+03 
                7.23333E-03        1.44037           15.5201E+03 
                7.26667E-03        1.44696           15.4668E+03 
                7.3E-03            1.45407           15.41E+03   
                7.33334E-03        1.46119           15.3528E+03 
                7.36667E-03        1.4683            15.2961E+03 
                7.4E-03            1.47541           15.2401E+03 
                7.43333E-03        1.48252           15.1838E+03 
                7.46667E-03        1.48894           15.1281E+03 
                7.5E-03            1.49534           15.0724E+03 
                7.53333E-03        1.50174           15.0173E+03 
                7.56667E-03        1.50814           14.9621E+03 
                7.6E-03            1.51454           14.9076E+03 
                7.63334E-03        1.52094           14.853E+03  
                7.66667E-03        1.52734           14.7991E+03 
                7.7E-03            1.53374           14.7452E+03 
                7.73333E-03        1.54014           14.6922E+03 
                7.76667E-03        1.54754           14.6304E+03 
                7.8E-03            1.55446           14.5664E+03 
                7.83333E-03        1.56058           14.5102E+03 
                7.86667E-03        1.56627           14.4577E+03 
                7.9E-03            1.57196           14.4057E+03 
                7.93333E-03        1.57764           14.3542E+03 
                7.96667E-03        1.58333           14.3032E+03 
                8.E-03             1.58902           14.2523E+03 
                8.03333E-03        1.59471           14.202E+03  
                8.06667E-03        1.60296           14.1301E+03 
                8.1E-03            1.61149           14.0562E+03 
                8.13333E-03        1.61952           13.9832E+03 
                8.16667E-03        1.62699           13.9113E+03 
                8.2E-03            1.63446           13.8399E+03 
                8.23333E-03        1.64192           13.7692E+03 
                8.26667E-03        1.64939           13.699E+03  
                8.3E-03            1.65686           13.6297E+03 
                8.33333E-03        1.66432           13.5613E+03 
                8.36667E-03        1.67179           13.4942E+03 
                8.4E-03            1.67926           13.427E+03  
                8.43333E-03        1.68672           13.3609E+03 
                8.46667E-03        1.69401           13.2949E+03 
                8.5E-03            1.70041           13.2301E+03 
                8.53333E-03        1.70681           13.1656E+03 
                8.56667E-03        1.71321           13.1012E+03 
                8.6E-03            1.71961           13.0374E+03 
                8.63333E-03        1.72601           12.9745E+03 
                8.66667E-03        1.73241           12.912E+03  
                8.7E-03            1.73881           12.8507E+03 
                8.73333E-03        1.74521           12.7901E+03 
                8.76667E-03        1.75161           12.7302E+03 
                8.8E-03            1.75801           12.6704E+03 
                8.83333E-03        1.76441           12.6115E+03 
                8.86667E-03        1.77081           12.5525E+03 
                8.9E-03            1.77721           12.4941E+03 
                8.93333E-03        1.78361           12.4366E+03 
                8.96667E-03        1.78903           12.3796E+03 
                9.E-03             1.79437           12.3226E+03 
                9.03333E-03        1.7997            12.2664E+03 
                9.06667E-03        1.80503           12.2109E+03 
                9.1E-03            1.81037           12.1556E+03 
                9.13333E-03        1.8157            12.1009E+03 
                9.16667E-03        1.82103           12.0464E+03 
                9.2E-03            1.82637           11.9924E+03 
                9.23333E-03        1.8317            11.9393E+03 
                9.26667E-03        1.83703           11.8862E+03 
                9.3E-03            1.84237           11.8338E+03 
                9.33333E-03        1.8477            11.7818E+03 
                9.36667E-03        1.85303           11.7305E+03 
                9.4E-03            1.85837           11.6801E+03 
                9.43333E-03        1.86816           11.591E+03  
                9.46667E-03        1.87669           11.4978E+03 
                9.5E-03            1.88522           11.407E+03  
                9.53333E-03        1.89376           11.3216E+03 
                9.56667E-03        1.90229           11.2381E+03 
                9.6E-03            1.91082           11.1547E+03 
                9.63333E-03        1.91936           11.0704E+03 
                9.66667E-03        1.92789           10.9874E+03 
                9.7E-03            1.93642           10.9058E+03 
                9.73333E-03        1.94496           10.8256E+03 
                9.76667E-03        1.95349           10.7509E+03 
                9.8E-03            1.95998           10.6777E+03 
                9.83333E-03        1.96779           10.6043E+03 
                9.86667E-03        1.97633           10.5304E+03 
                9.9E-03            1.98424           10.4572E+03 
                9.93333E-03        1.99064           10.3884E+03 
                9.96667E-03        1.99726           10.3231E+03 
               10.E-03             2.00579           10.2591E+03 




