
                  X             Displacement          Force      

                0.                 0.                 5.35301    
               50.0016E-06        10.0004E-03         1.0122E+03 
              100.001E-06         20.0024E-03         2.14458E+03
              150.E-06            30.0016E-03         2.94061E+03
              200.002E-06         40.01E-03           4.13499E+03
              250.004E-06         50.0158E-03         5.05259E+03
              300.006E-06         60.0021E-03         6.10963E+03
              350.002E-06         69.999E-03          7.16228E+03
              400.005E-06         79.978E-03          7.96454E+03
              450.001E-06         89.9487E-03         9.06631E+03
              500.004E-06         99.9207E-03         9.79398E+03
              550.E-06           109.891E-03         10.6799E+03 
              600.003E-06        119.863E-03         11.1231E+03 
              650.006E-06        129.853E-03         11.4743E+03 
              700.002E-06        139.852E-03         11.7864E+03 
              750.005E-06        149.852E-03         12.0106E+03 
              800.001E-06        159.852E-03         12.1781E+03 
              850.003E-06        169.852E-03         12.326E+03  
              900.006E-06        179.853E-03         12.4616E+03 
              950.002E-06        189.852E-03         12.5798E+03 
                1.00001E-03      199.853E-03         12.6879E+03 
                1.05E-03         209.852E-03         12.797E+03  
                1.1E-03          219.852E-03         12.884E+03  
                1.15E-03         229.852E-03         12.9642E+03 
                1.2E-03          239.852E-03         13.0365E+03 
                1.25001E-03      249.842E-03         13.1039E+03 
                1.3E-03          259.784E-03         13.1673E+03 
                1.35E-03         269.728E-03         13.2259E+03 
                1.4E-03          279.67E-03          13.2786E+03 
                1.45E-03         289.613E-03         13.3272E+03 
                1.50001E-03      299.557E-03         13.3737E+03 
                1.55E-03         309.498E-03         13.4175E+03 
                1.6E-03          319.442E-03         13.4567E+03 
                1.65E-03         329.384E-03         13.4936E+03 
                1.7E-03          339.327E-03         13.5287E+03 
                1.75E-03         349.269E-03         13.5602E+03 
                1.8E-03          359.213E-03         13.5904E+03 
                1.85001E-03      369.156E-03         13.6178E+03 
                1.9E-03          379.098E-03         13.6436E+03 
                1.95E-03         389.042E-03         13.6673E+03 
                2.E-03           398.984E-03         13.6896E+03 
                2.05E-03         408.927E-03         13.7099E+03 
                2.10001E-03      418.871E-03         13.7289E+03 
                2.15E-03         428.812E-03         13.7462E+03 
                2.2E-03          438.756E-03         13.7622E+03 
                2.25E-03         448.698E-03         13.7769E+03 
                2.3E-03          458.641E-03         13.7902E+03 
                2.35E-03         468.584E-03         13.8023E+03 
                2.4E-03          478.527E-03         13.8133E+03 
                2.45001E-03      488.47E-03          13.8232E+03 
                2.5E-03          498.407E-03         13.832E+03  
                2.55E-03         508.236E-03         13.8398E+03 
                2.6E-03          518.064E-03         13.8467E+03 
                2.65E-03         527.893E-03         13.8525E+03 
                2.70001E-03      537.723E-03         13.8575E+03 
                2.75E-03         547.55E-03          13.8617E+03 
                2.8E-03          557.379E-03         13.8649E+03 
                2.85E-03         567.207E-03         13.8674E+03 
                2.9E-03          577.036E-03         13.8691E+03 
                2.95E-03         586.865E-03         13.87E+03   
                3.E-03           596.693E-03         13.8703E+03 
                3.05001E-03      606.522E-03         13.8698E+03 
                3.1E-03          616.351E-03         13.8685E+03 
                3.15E-03         626.179E-03         13.8667E+03 
                3.2E-03          636.007E-03         13.8641E+03 
                3.25E-03         645.836E-03         13.8609E+03 
                3.30001E-03      655.666E-03         13.8571E+03 
                3.35E-03         665.493E-03         13.8527E+03 
                3.4E-03          675.322E-03         13.8476E+03 
                3.45E-03         685.15E-03          13.842E+03  
                3.5E-03          694.979E-03         13.8359E+03 
                3.55E-03         704.807E-03         13.8291E+03 
                3.6E-03          714.636E-03         13.8218E+03 
                3.65001E-03      724.465E-03         13.8139E+03 
                3.7E-03          734.294E-03         13.8055E+03 
                3.75E-03         744.122E-03         13.7966E+03 
                3.8E-03          753.95E-03          13.7871E+03 
                3.85E-03         763.779E-03         13.7771E+03 
                3.90001E-03      773.609E-03         13.7665E+03 
                3.95E-03         783.436E-03         13.7555E+03 
                4.E-03           793.265E-03         13.7439E+03 
                4.05E-03         803.093E-03         13.7318E+03 
                4.1E-03          812.923E-03         13.7192E+03 
                4.15001E-03      822.751E-03         13.7061E+03 
                4.2E-03          832.58E-03          13.6926E+03 
                4.25E-03         842.408E-03         13.6786E+03 
                4.3E-03          852.237E-03         13.6642E+03 
                4.35E-03         861.889E-03         13.6493E+03 
                4.40001E-03      871.522E-03         13.634E+03  
                4.45E-03         881.86E-03          13.6171E+03 
                4.5E-03          892.2E-03           13.5996E+03 
                4.55E-03         902.538E-03         13.5815E+03 
                4.6E-03          912.876E-03         13.5629E+03 
                4.65E-03         923.214E-03         13.5437E+03 
                4.7E-03          933.553E-03         13.524E+03  
                4.75E-03         943.891E-03         13.5036E+03 
                4.8E-03          954.231E-03         13.4827E+03 
                4.85E-03         964.423E-03         13.4612E+03 
                4.9E-03          974.515E-03         13.439E+03  
                4.95001E-03      984.608E-03         13.4163E+03 
                5.E-03           994.701E-03         13.3928E+03 
                5.05E-03           1.00489           13.3687E+03 
                5.1E-03            1.0152            13.3439E+03 
                5.15E-03           1.02505           13.3185E+03 
                5.2E-03            1.03489           13.2922E+03 
                5.25E-03           1.04474           13.2652E+03 
                5.3E-03            1.05458           13.2375E+03 
                5.35E-03           1.06443           13.2091E+03 
                5.40001E-03        1.07428           13.1798E+03 
                5.45E-03           1.08412           13.15E+03   
                5.5E-03            1.09397           13.1192E+03 
                5.55E-03           1.10382           13.0876E+03 
                5.6E-03            1.11366           13.0554E+03 
                5.65E-03           1.12351           13.0223E+03 
                5.7E-03            1.13335           12.9882E+03 
                5.75E-03           1.1432            12.9535E+03 
                5.8E-03            1.15305           12.918E+03  
                5.85001E-03        1.16289           12.8814E+03 
                5.9E-03            1.17274           12.8441E+03 
                5.95E-03           1.18259           12.8059E+03 
                6.E-03             1.19243           12.7665E+03 
                6.05E-03           1.20228           12.7265E+03 
                6.1E-03            1.21238           12.6842E+03 
                6.15E-03           1.22283           12.6386E+03 
                6.2E-03            1.23296           12.592E+03  
                6.25E-03           1.2431            12.5449E+03 
                6.3E-03            1.25323           12.4973E+03 
                6.35E-03           1.26319           12.449E+03  
                6.4E-03            1.27279           12.4004E+03 
                6.45E-03           1.28271           12.3496E+03 
                6.5E-03            1.29318           12.2955E+03 
                6.55E-03           1.3032            12.2409E+03 
                6.6E-03            1.31309           12.1856E+03 
                6.65E-03           1.32298           12.1301E+03 
                6.7E-03            1.33272           12.0734E+03 
                6.75E-03           1.34296           12.0114E+03 
                6.8E-03            1.3532            11.9489E+03 
                6.85E-03           1.36326           11.8858E+03 
                6.9E-03            1.37286           11.8225E+03 
                6.95E-03           1.38268           11.7573E+03 
                7.E-03             1.3932            11.6861E+03 
                7.05E-03           1.40315           11.6146E+03 
                7.1E-03            1.41311           11.5427E+03 
                7.15E-03           1.42294           11.4707E+03 
                7.2E-03            1.43279           11.3936E+03 
                7.25E-03           1.44319           11.3124E+03 
                7.3E-03            1.45326           11.2314E+03 
                7.35E-03           1.46287           11.1505E+03 
                7.4E-03            1.47262           11.0685E+03 
                7.45E-03           1.48312           10.9767E+03 
                7.5E-03            1.49318           10.8854E+03 
                7.55E-03           1.50324           10.7947E+03 
                7.6E-03            1.51285           10.7045E+03 
                7.65E-03           1.52247           10.6103E+03 
                7.7E-03            1.53314           10.5069E+03 
                7.75E-03           1.5436            10.4044E+03 
                7.8E-03            1.55319           10.3029E+03 
                7.85E-03           1.5628            10.2026E+03 
                7.9E-03            1.5724            10.1033E+03 
                7.95E-03           1.58167           10.0052E+03 
                8.E-03             1.5902             9.9085E+03 
                8.05E-03           1.59873            9.81276E+03
                8.1E-03            1.60727            9.7185E+03 
                8.15E-03           1.62002            9.57973E+03
                8.2E-03            1.6315             9.44335E+03
                8.25E-03           1.6427             9.30988E+03
                8.3E-03            1.6539             9.17977E+03
                8.35E-03           1.6651             9.05248E+03
                8.4E-03            1.676              8.92845E+03
                8.45E-03           1.6856             8.80789E+03
                8.5E-03            1.69521            8.69038E+03
                8.55E-03           1.7048             8.57509E+03
                8.6E-03            1.7144             8.4627E+03 




