
                  X             Displacement          Force      

                0.                 0.                 1.47764    
               33.3364E-06         6.66714E-03        1.039E+03  
               66.6709E-06        13.3367E-03         2.16307E+03
              100.005E-06         20.0047E-03         3.27808E+03
              133.334E-06         26.6681E-03         4.43483E+03
              166.669E-06         33.3297E-03         5.65998E+03
              200.003E-06         39.9942E-03         6.83254E+03
              233.338E-06         46.6587E-03         8.02907E+03
              266.673E-06         53.3232E-03         9.04525E+03
              300.001E-06         59.9864E-03         9.93972E+03
              333.336E-06         66.6443E-03        10.7809E+03 
              366.67E-06          73.2991E-03        11.6618E+03 
              400.005E-06         79.9538E-03        12.5624E+03 
              433.334E-06         86.6072E-03        13.1669E+03 
              466.668E-06         93.2619E-03        13.7611E+03 
              500.003E-06         99.9167E-03        14.3159E+03 
              533.338E-06        106.571E-03         14.7857E+03 
              566.672E-06        113.226E-03         15.17E+03   
              600.001E-06        119.88E-03          15.5928E+03 
              633.335E-06        126.534E-03         15.9445E+03 
              666.67E-06         133.189E-03         16.2363E+03 
              700.005E-06        139.844E-03         16.5101E+03 
              733.34E-06         146.498E-03         16.7711E+03 
              766.668E-06        153.152E-03         17.0158E+03 
              800.003E-06        159.806E-03         17.2386E+03 
              833.337E-06        166.461E-03         17.4419E+03 
              866.672E-06        173.116E-03         17.6309E+03 
              900.E-06           179.769E-03         17.8105E+03 
              933.335E-06        186.424E-03         17.9797E+03 
              966.67E-06         193.079E-03         18.133E+03  
                1.E-03           199.777E-03         18.2673E+03 
                1.03333E-03      206.492E-03         18.3925E+03 
                1.06667E-03      213.209E-03         18.5173E+03 
                1.1E-03          219.924E-03         18.6409E+03 
                1.13334E-03      226.641E-03         18.7528E+03 
                1.16667E-03      233.357E-03         18.8541E+03 
                1.20001E-03      240.073E-03         18.9563E+03 
                1.23334E-03      246.789E-03         19.0547E+03 
                1.26667E-03      253.504E-03         19.1433E+03 
                1.3E-03          260.221E-03         19.2312E+03 
                1.33333E-03      266.937E-03         19.3156E+03 
                1.36667E-03      273.654E-03         19.392E+03  
                1.4E-03          280.369E-03         19.4669E+03 
                1.43334E-03      287.086E-03         19.5359E+03 
                1.46667E-03      293.801E-03         19.6017E+03 
                1.5E-03          300.517E-03         19.6647E+03 
                1.53334E-03      307.233E-03         19.7238E+03 
                1.56667E-03      313.949E-03         19.7811E+03 
                1.60001E-03      320.666E-03         19.8345E+03 
                1.63334E-03      327.381E-03         19.886E+03  
                1.66667E-03      334.098E-03         19.9344E+03 
                1.7E-03          340.814E-03         19.9808E+03 
                1.73333E-03      347.529E-03         20.0247E+03 
                1.76667E-03      354.246E-03         20.0664E+03 
                1.8E-03          360.961E-03         20.1062E+03 
                1.83334E-03      367.678E-03         20.1438E+03 
                1.86667E-03      374.394E-03         20.1798E+03 
                1.90001E-03      381.11E-03          20.2138E+03 
                1.93334E-03      387.826E-03         20.2462E+03 
                1.96667E-03      394.541E-03         20.2769E+03 
                2.E-03           401.258E-03         20.3061E+03 
                2.03333E-03      407.974E-03         20.3338E+03 
                2.06667E-03      414.69E-03          20.36E+03   
                2.1E-03          421.406E-03         20.3849E+03 
                2.13334E-03      428.123E-03         20.4084E+03 
                2.16667E-03      434.838E-03         20.4307E+03 
                2.2E-03          441.554E-03         20.4518E+03 
                2.23334E-03      448.271E-03         20.4716E+03 
                2.26667E-03      454.986E-03         20.4904E+03 
                2.30001E-03      461.703E-03         20.5081E+03 
                2.33334E-03      468.418E-03         20.5247E+03 
                2.36667E-03      475.135E-03         20.5403E+03 
                2.4E-03          481.851E-03         20.5548E+03 
                2.43333E-03      488.566E-03         20.5684E+03 
                2.46667E-03      495.283E-03         20.581E+03  
                2.5E-03          501.937E-03         20.5928E+03 
                2.53334E-03      508.575E-03         20.6035E+03 
                2.56667E-03      515.211E-03         20.6135E+03 
                2.60001E-03      521.849E-03         20.6225E+03 
                2.63334E-03      528.486E-03         20.6308E+03 
                2.66667E-03      535.122E-03         20.6382E+03 
                2.7E-03          541.76E-03          20.6449E+03 
                2.73334E-03      548.397E-03         20.6507E+03 
                2.76667E-03      555.034E-03         20.6559E+03 
                2.8E-03          561.671E-03         20.6602E+03 
                2.83333E-03      568.307E-03         20.6639E+03 
                2.86667E-03      574.945E-03         20.6669E+03 
                2.9E-03          581.581E-03         20.6691E+03 
                2.93334E-03      588.219E-03         20.6707E+03 
                2.96667E-03      594.856E-03         20.6716E+03 
                3.00001E-03      601.494E-03         20.6718E+03 
                3.03334E-03      608.13E-03          20.6713E+03 
                3.06667E-03      614.767E-03         20.6702E+03 
                3.1E-03          621.404E-03         20.6685E+03 
                3.13333E-03      628.041E-03         20.6662E+03 
                3.16667E-03      634.679E-03         20.6632E+03 
                3.2E-03          641.315E-03         20.6596E+03 
                3.23334E-03      647.953E-03         20.6555E+03 
                3.26667E-03      654.589E-03         20.6508E+03 
                3.3E-03          661.226E-03         20.6455E+03 
                3.33334E-03      667.864E-03         20.6396E+03 
                3.36667E-03      674.5E-03           20.6332E+03 
                3.4E-03          681.138E-03         20.6263E+03 
                3.43333E-03      687.774E-03         20.6188E+03 
                3.46667E-03      694.412E-03         20.6109E+03 
                3.5E-03          701.049E-03         20.6024E+03 
                3.53333E-03      707.685E-03         20.5935E+03 
                3.56667E-03      714.323E-03         20.584E+03  
                3.6E-03          720.959E-03         20.5741E+03 
                3.63334E-03      727.597E-03         20.5637E+03 
                3.66667E-03      734.234E-03         20.5529E+03 
                3.70001E-03      740.871E-03         20.5415E+03 
                3.73334E-03      747.508E-03         20.5298E+03 
                3.76667E-03      754.146E-03         20.5176E+03 
                3.8E-03          760.782E-03         20.5049E+03 
                3.83333E-03      767.419E-03         20.4918E+03 
                3.86667E-03      774.056E-03         20.4783E+03 
                3.9E-03          780.693E-03         20.4643E+03 
                3.93334E-03      787.138E-03         20.4504E+03 
                3.96667E-03      793.538E-03         20.4362E+03 
                4.E-03           800.372E-03         20.4206E+03 
                4.03334E-03      807.264E-03         20.4045E+03 
                4.06667E-03      814.156E-03         20.388E+03  
                4.1E-03          821.049E-03         20.3712E+03 
                4.13334E-03      827.821E-03         20.3541E+03 
                4.16667E-03      834.55E-03          20.3366E+03 
                4.2E-03          841.278E-03         20.3188E+03 
                4.23333E-03      848.005E-03         20.3007E+03 
                4.26667E-03      854.735E-03         20.2823E+03 
                4.3E-03          861.384E-03         20.2635E+03 
                4.33333E-03      867.948E-03         20.2445E+03 
                4.36667E-03      874.512E-03         20.2251E+03 
                4.4E-03          881.076E-03         20.2055E+03 
                4.43333E-03      887.64E-03          20.1857E+03 
                4.46667E-03      894.182E-03         20.1655E+03 
                4.5E-03          900.581E-03         20.145E+03  
                4.53334E-03      906.982E-03         20.1243E+03 
                4.56667E-03      913.795E-03         20.102E+03  
                4.6E-03          920.728E-03         20.079E+03  
                4.63334E-03      927.661E-03         20.0557E+03 
                4.66667E-03      934.427E-03         20.032E+03  
                4.7E-03          941.183E-03         20.0082E+03 
                4.73334E-03      947.939E-03         19.9841E+03 
                4.76667E-03      954.695E-03         19.9595E+03 
                4.8E-03          961.45E-03          19.9347E+03 
                4.83333E-03      968.061E-03         19.9098E+03 
                4.86667E-03      974.64E-03          19.8844E+03 
                4.9E-03          981.217E-03         19.8588E+03 
                4.93334E-03      987.795E-03         19.8331E+03 
                4.96667E-03      994.372E-03         19.8069E+03 
                5.00001E-03        1.00083           19.7807E+03 
                5.03334E-03        1.00723           19.754E+03  
                5.06667E-03        1.01362           19.7272E+03 
                5.1E-03            1.02036           19.6987E+03 
                5.13333E-03        1.02734           19.6688E+03 
                5.16667E-03        1.03432           19.6387E+03 
                5.2E-03            1.0413            19.6082E+03 
                5.23334E-03        1.04828           19.5774E+03 
                5.26667E-03        1.05492           19.5463E+03 
                5.3E-03            1.06151           19.5148E+03 
                5.33334E-03        1.06811           19.4832E+03 
                5.36667E-03        1.0747            19.4511E+03 
                5.4E-03            1.08129           19.4188E+03 
                5.43333E-03        1.08789           19.3861E+03 
                5.46667E-03        1.09448           19.3531E+03 
                5.5E-03            1.10107           19.3198E+03 
                5.53334E-03        1.10767           19.2863E+03 
                5.56667E-03        1.11434           19.2515E+03 
                5.6E-03            1.12116           19.2144E+03 
                5.63334E-03        1.12799           19.1767E+03 
                5.66667E-03        1.13482           19.1387E+03 
                5.7E-03            1.14165           19.1007E+03 
                5.73334E-03        1.14847           19.0619E+03 
                5.76667E-03        1.1553            19.0236E+03 
                5.8E-03            1.16194           18.9844E+03 
                5.83334E-03        1.16834           18.9454E+03 
                5.86667E-03        1.17474           18.9061E+03 
                5.9E-03            1.18114           18.8666E+03 
                5.93333E-03        1.18762           18.8261E+03 
                5.96667E-03        1.19473           18.7816E+03 
                6.E-03             1.20182           18.7374E+03 
                6.03334E-03        1.20846           18.6923E+03 
                6.06667E-03        1.21509           18.6474E+03 
                6.1E-03            1.22173           18.6018E+03 
                6.13334E-03        1.22837           18.5568E+03 
                6.16667E-03        1.235             18.5111E+03 
                6.2E-03            1.24164           18.4656E+03 
                6.23334E-03        1.24787           18.4195E+03 
                6.26667E-03        1.25438           18.371E+03  
                6.3E-03            1.26132           18.3193E+03 
                6.33334E-03        1.26825           18.2675E+03 
                6.36667E-03        1.27519           18.2157E+03 
                6.4E-03            1.28212           18.164E+03  
                6.43333E-03        1.28866           18.1123E+03 
                6.46667E-03        1.29506           18.0602E+03 
                6.5E-03            1.30146           18.0088E+03 
                6.53333E-03        1.30786           17.9566E+03 
                6.56667E-03        1.31426           17.9048E+03 
                6.6E-03            1.32108           17.8499E+03 
                6.63333E-03        1.32835           17.7909E+03 
                6.66667E-03        1.33506           17.7317E+03 
                6.7E-03            1.34176           17.6732E+03 
                6.73333E-03        1.34847           17.6149E+03 
                6.76667E-03        1.35517           17.5564E+03 
                6.8E-03            1.36188           17.4982E+03 
                6.83334E-03        1.36858           17.4404E+03 
                6.86667E-03        1.37529           17.3823E+03 
                6.9E-03            1.38138           17.3252E+03 
                6.93333E-03        1.38748           17.2681E+03 
                6.96667E-03        1.3938            17.2086E+03 
                7.E-03             1.40091           17.1427E+03 
                7.03334E-03        1.40803           17.0769E+03 
                7.06667E-03        1.41514           17.011E+03  
                7.1E-03            1.42225           16.9458E+03 
                7.13333E-03        1.42922           16.881E+03  
                7.16667E-03        1.43562           16.8159E+03 
                7.2E-03            1.44202           16.7517E+03 
                7.23333E-03        1.44842           16.688E+03  
                7.26667E-03        1.45482           16.6239E+03 
                7.3E-03            1.46122           16.5606E+03 
                7.33333E-03        1.46762           16.4984E+03 
                7.36667E-03        1.47402           16.4358E+03 
                7.4E-03            1.48042           16.3735E+03 
                7.43333E-03        1.4879            16.3011E+03 
                7.46667E-03        1.49473           16.2274E+03 
                7.5E-03            1.50155           16.1552E+03 
                7.53333E-03        1.50838           16.0821E+03 
                7.56667E-03        1.51521           16.0116E+03 
                7.6E-03            1.52203           15.9399E+03 
                7.63333E-03        1.52886           15.8697E+03 
                7.66667E-03        1.53569           15.7996E+03 
                7.7E-03            1.54251           15.73E+03   
                7.73334E-03        1.54934           15.6612E+03 
                7.76667E-03        1.55602           15.5928E+03 
                7.8E-03            1.562             15.5253E+03 
                7.83333E-03        1.5689            15.4476E+03 
                7.86667E-03        1.57637           15.3639E+03 
                7.9E-03            1.58384           15.2817E+03 
                7.93333E-03        1.5913            15.1998E+03 
                7.96667E-03        1.59877           15.1193E+03 
                8.E-03             1.60624           15.0395E+03 
                8.03333E-03        1.6137            14.9603E+03 
                8.06667E-03        1.62117           14.8816E+03 
                8.1E-03            1.62864           14.8043E+03 
                8.13333E-03        1.63598           14.7274E+03 
                8.16667E-03        1.64238           14.6511E+03 
                8.2E-03            1.64878           14.5748E+03 
                8.23333E-03        1.65518           14.4991E+03 
                8.26667E-03        1.66158           14.4242E+03 
                8.3E-03            1.66798           14.3495E+03 
                8.33333E-03        1.67438           14.2748E+03 
                8.36667E-03        1.68078           14.2008E+03 
                8.4E-03            1.68718           14.1275E+03 
                8.43333E-03        1.69358           14.0553E+03 
                8.46667E-03        1.69998           13.9843E+03 
                8.5E-03            1.70638           13.9141E+03 
                8.53333E-03        1.71278           13.8446E+03 
                8.56667E-03        1.71918           13.7753E+03 
                8.6E-03            1.72558           13.7066E+03 
                8.63333E-03        1.73198           13.6377E+03 
                8.66667E-03        1.73755           13.5697E+03 
                8.7E-03            1.74289           13.5016E+03 
                8.73333E-03        1.74822           13.4342E+03 
                8.76667E-03        1.75355           13.3678E+03 
                8.8E-03            1.75889           13.3014E+03 
                8.83333E-03        1.76422           13.2359E+03 
                8.86667E-03        1.76955           13.171E+03  
                8.9E-03            1.77489           13.1069E+03 
                8.93333E-03        1.78022           13.043E+03  
                8.96667E-03        1.78555           12.9799E+03 
                9.E-03             1.79089           12.917E+03  
                9.03333E-03        1.79622           12.8541E+03 
                9.06667E-03        1.80155           12.7923E+03 
                9.1E-03            1.80689           12.7307E+03 
                9.13333E-03        1.81222           12.6691E+03 
                9.16667E-03        1.81755           12.6085E+03 
                9.2E-03            1.82289           12.5484E+03 
                9.23333E-03        1.83285           12.439E+03  
                9.26667E-03        1.84184           12.3257E+03 
                9.3E-03            1.85037           12.2149E+03 
                9.33333E-03        1.8589            12.1091E+03 
                9.36667E-03        1.86744           12.006E+03  
                9.4E-03            1.87597           11.9053E+03 
                9.43333E-03        1.88451           11.805E+03  
                9.46667E-03        1.89304           11.7052E+03 
                9.5E-03            1.90157           11.605E+03  
                9.53333E-03        1.9101            11.506E+03  
                9.56667E-03        1.91864           11.4094E+03 
                9.6E-03            1.92717           11.3151E+03 
                9.63333E-03        1.9357            11.2263E+03 
                9.66667E-03        1.94424           11.138E+03  
                9.7E-03            1.95277           11.0494E+03 
                9.73333E-03        1.9613            10.9608E+03 
                9.76667E-03        1.96984           10.873E+03  
                9.77882E-03        1.97238           10.842E+03  




