
                  X             Displacement          Force      

                0.                 0.                 6.98868    
               50.0058E-06         7.50158E-03      873.984      
              100.004E-06         15.0018E-03         1.55877E+03
              150.003E-06         22.5051E-03         2.61864E+03
              200.002E-06         30.0086E-03         3.23029E+03
              250.E-06            37.5062E-03         4.24888E+03
              300.006E-06         45.0042E-03         4.99273E+03
              350.005E-06         52.5012E-03         5.84498E+03
              400.003E-06         59.9981E-03         6.60283E+03
              450.002E-06         67.495E-03          7.41536E+03
              500.005E-06         74.9855E-03         8.18952E+03
              550.001E-06         82.4515E-03         8.74866E+03
              600.003E-06         89.9184E-03         9.53956E+03
              650.005E-06         97.3855E-03        10.1481E+03 
              700.E-06           104.851E-03         10.6242E+03 
              750.002E-06        112.318E-03         11.1287E+03 
              800.005E-06        119.785E-03         11.5859E+03 
              850.007E-06        127.263E-03         11.9974E+03 
              900.002E-06        134.755E-03         12.3393E+03 
              950.004E-06        142.248E-03         12.6587E+03 
                1.E-03           149.769E-03         12.9513E+03 
                1.05E-03         157.323E-03         13.23E+03   
                1.1E-03          164.877E-03         13.4945E+03 
                1.15E-03         172.431E-03         13.6982E+03 
                1.2E-03          179.986E-03         13.9047E+03 
                1.25E-03         187.54E-03          14.1061E+03 
                1.3E-03          195.094E-03         14.2585E+03 
                1.35E-03         202.648E-03         14.4272E+03 
                1.4E-03          210.202E-03         14.5575E+03 
                1.45E-03         217.756E-03         14.7018E+03 
                1.50001E-03      225.311E-03         14.8288E+03 
                1.55001E-03      232.865E-03         14.9376E+03 
                1.60001E-03      240.419E-03         15.0522E+03 
                1.65E-03         247.972E-03         15.161E+03  
                1.7E-03          255.526E-03         15.2532E+03 
                1.75E-03         263.081E-03         15.3345E+03 
                1.8E-03          270.635E-03         15.4106E+03 
                1.85E-03         278.189E-03         15.4826E+03 
                1.9E-03          285.743E-03         15.5514E+03 
                1.95E-03         293.297E-03         15.6148E+03 
                2.00001E-03      300.737E-03         15.6708E+03 
                2.05E-03         308.169E-03         15.723E+03  
                2.1E-03          315.601E-03         15.7718E+03 
                2.15001E-03      323.034E-03         15.8175E+03 
                2.2E-03          330.466E-03         15.8607E+03 
                2.25E-03         337.898E-03         15.9001E+03 
                2.30001E-03      345.331E-03         15.9362E+03 
                2.35E-03         352.763E-03         15.9666E+03 
                2.4E-03          360.194E-03         15.9921E+03 
                2.45E-03         367.627E-03         16.0171E+03 
                2.50001E-03      375.091E-03         16.0424E+03 
                2.55E-03         382.664E-03         16.0654E+03 
                2.6E-03          390.237E-03         16.0843E+03 
                2.65001E-03      397.811E-03         16.0988E+03 
                2.7E-03          405.384E-03         16.1126E+03 
                2.75E-03         412.957E-03         16.1265E+03 
                2.8E-03          420.53E-03          16.1377E+03 
                2.85001E-03      428.091E-03         16.1447E+03 
                2.9E-03          435.557E-03         16.1512E+03 
                2.95E-03         443.024E-03         16.1571E+03 
                3.E-03           450.49E-03          16.1603E+03 
                3.05E-03         457.957E-03         16.162E+03  
                3.1E-03          465.424E-03         16.1622E+03 
                3.15E-03         472.833E-03         16.1611E+03 
                3.20001E-03      480.193E-03         16.1586E+03 
                3.25001E-03      487.749E-03         16.1547E+03 
                3.30001E-03      495.363E-03         16.1495E+03 
                3.35E-03         502.915E-03         16.1429E+03 
                3.4E-03          510.418E-03         16.1352E+03 
                3.45E-03         517.921E-03         16.1263E+03 
                3.5E-03          525.425E-03         16.1162E+03 
                3.55E-03         532.928E-03         16.105E+03  
                3.6E-03          540.432E-03         16.0928E+03 
                3.65E-03         547.922E-03         16.0795E+03 
                3.7E-03          555.29E-03          16.0651E+03 
                3.75E-03         562.833E-03         16.0494E+03 
                3.80001E-03      570.376E-03         16.0326E+03 
                3.85E-03         577.918E-03         16.0149E+03 
                3.90001E-03      585.461E-03         15.9963E+03 
                3.95E-03         593.004E-03         15.9766E+03 
                4.E-03           600.547E-03         15.9559E+03 
                4.05E-03         608.089E-03         15.9344E+03 
                4.1E-03          615.633E-03         15.9118E+03 
                4.15001E-03      623.176E-03         15.8884E+03 
                4.2E-03          630.718E-03         15.864E+03  
                4.25E-03         638.149E-03         15.8385E+03 
                4.3E-03          645.462E-03         15.8123E+03 
                4.35E-03         652.777E-03         15.7852E+03 
                4.40001E-03      660.091E-03         15.7569E+03 
                4.45E-03         667.406E-03         15.7278E+03 
                4.5E-03          674.72E-03          15.6979E+03 
                4.55E-03         682.034E-03         15.6671E+03 
                4.6E-03          689.348E-03         15.6354E+03 
                4.65E-03         696.662E-03         15.6028E+03 
                4.7E-03          703.977E-03         15.5695E+03 
                4.75E-03         711.546E-03         15.5339E+03 
                4.8E-03          719.326E-03         15.4963E+03 
                4.85E-03         726.957E-03         15.4574E+03 
                4.90001E-03      734.589E-03         15.4177E+03 
                4.95E-03         742.219E-03         15.3773E+03 
                5.E-03           749.85E-03          15.3357E+03 
                5.05E-03         757.481E-03         15.2934E+03 
                5.1E-03          765.112E-03         15.25E+03   
                5.15E-03         772.742E-03         15.2058E+03 
                5.2E-03          780.325E-03         15.1607E+03 
                5.25E-03         787.708E-03         15.1144E+03 
                5.3E-03          795.094E-03         15.0673E+03 
                5.35001E-03      802.479E-03         15.0188E+03 
                5.4E-03          809.862E-03         14.9694E+03 
                5.45E-03         817.248E-03         14.9188E+03 
                5.5E-03          824.632E-03         14.8672E+03 
                5.55E-03         832.016E-03         14.8146E+03 
                5.6E-03          839.401E-03         14.7607E+03 
                5.65E-03         846.786E-03         14.7057E+03 
                5.7E-03          854.17E-03          14.6492E+03 
                5.75E-03         861.555E-03         14.5916E+03 
                5.80001E-03      868.912E-03         14.5333E+03 
                5.85E-03         876.407E-03         14.4714E+03 
                5.9E-03          884.14E-03          14.4068E+03 
                5.95E-03         891.67E-03          14.3415E+03 
                6.E-03           899.137E-03         14.2757E+03 
                6.05E-03         906.466E-03         14.2092E+03 
                6.1E-03          913.866E-03         14.14E+03   
                6.15E-03         921.608E-03         14.0664E+03 
                6.2E-03          929.17E-03          13.9918E+03 
                6.25E-03         936.62E-03          13.9168E+03 
                6.3E-03          943.892E-03         13.8412E+03 
                6.35E-03         951.476E-03         13.7606E+03 
                6.4E-03          959.155E-03         13.6763E+03 
                6.45E-03         966.672E-03         13.5918E+03 
                6.5E-03          974.033E-03         13.5067E+03 
                6.55E-03         981.258E-03         13.4207E+03 
                6.6E-03          989.08E-03          13.3251E+03 
                6.65E-03         996.697E-03         13.2294E+03 
                6.7E-03            1.00398           13.1334E+03 
                6.75E-03           1.01109           13.037E+03  
                6.8E-03            1.01843           12.9371E+03 
                6.85E-03           1.02643           12.8288E+03 
                6.9E-03            1.03417           12.7201E+03 
                6.95E-03           1.04137           12.6113E+03 
                7.E-03             1.04857           12.5027E+03 
                7.05E-03           1.05577           12.3944E+03 
                7.1E-03            1.06392           12.2724E+03 
                7.15E-03           1.07164           12.1493E+03 
                7.2E-03            1.07896           12.0266E+03 
                7.25E-03           1.08627           11.9048E+03 
                7.3E-03            1.09358           11.7831E+03 
                7.35E-03           1.1009            11.6626E+03 
                7.4E-03            1.10895           11.5313E+03 
                7.45E-03           1.11647           11.3917E+03 
                7.5E-03            1.12394           11.254E+03  
                7.55E-03           1.1314            11.1179E+03 
                7.6E-03            1.13887           10.9823E+03 
                7.65E-03           1.14634           10.8482E+03 
                7.7E-03            1.1538            10.715E+03  
                7.75E-03           1.16116           10.5841E+03 
                7.8E-03            1.16839           10.4372E+03 
                7.85E-03           1.17511           10.3022E+03 
                7.9E-03            1.18151           10.175E+03  
                7.95E-03           1.18791           10.0497E+03 
                8.E-03             1.19431            9.92515E+03
                8.05E-03           1.20135            9.78937E+03
                8.1E-03            1.21095            9.608E+03  
                8.15E-03           1.22055            9.42911E+03
                8.2E-03            1.2296             9.2527E+03 
                8.25E-03           1.2376             9.08067E+03
                8.3E-03            1.2456             8.91188E+03
                8.35E-03           1.2536             8.74645E+03
                8.4E-03            1.2616             8.58423E+03
                8.45E-03           1.2696             8.42619E+03
                8.5E-03            1.2776             8.2713E+03 
                8.55E-03           1.2856             8.1183E+03 
                8.6E-03            1.2936             7.96814E+03
                8.65E-03           1.3016             7.82437E+03
                8.7E-03            1.3096             7.6855E+03 
                8.75E-03           1.3176             7.55218E+03
                8.8E-03            1.32447            7.42151E+03
                8.85E-03           1.33087            7.29314E+03
                8.9E-03            1.33727            7.1664E+03 
                8.95E-03           1.34367            7.04129E+03
                9.E-03             1.35007            6.91967E+03
                9.05E-03           1.35647            6.79995E+03
                9.1E-03            1.36287            6.68503E+03
                9.15E-03           1.36927            6.57767E+03
                9.2E-03            1.37567            6.47433E+03
                9.25E-03           1.38207            6.37415E+03
                9.3E-03            1.38847            6.27627E+03
                9.35E-03           1.39487            6.18075E+03
                9.4E-03            1.40127            6.08685E+03
                9.45E-03           1.40767            5.99427E+03
                9.5E-03            1.41407            5.90368E+03
                9.55E-03           1.42047            5.81482E+03




