
                  X             Displacement          Force      

                0.                 0.                 1.4778     
               33.3365E-06         6.66751E-03        1.03918E+03
               66.671E-06         13.3347E-03         2.16301E+03
              100.005E-06         20.0019E-03         3.27747E+03
              133.334E-06         26.6653E-03         4.43231E+03
              166.669E-06         33.3269E-03         5.65266E+03
              200.003E-06         39.9914E-03         6.81035E+03
              233.338E-06         46.6559E-03         7.95199E+03
              266.673E-06         53.3204E-03         8.917E+03  
              300.001E-06         59.9836E-03         9.83958E+03
              333.336E-06         66.6415E-03        10.8412E+03 
              366.671E-06         73.2962E-03        11.8767E+03 
              400.005E-06         79.9509E-03        12.8897E+03 
              433.334E-06         86.6043E-03        13.7633E+03 
              466.668E-06         93.2591E-03        14.4262E+03 
              500.003E-06         99.9138E-03        15.1062E+03 
              533.338E-06        106.568E-03         15.7318E+03 
              566.672E-06        113.223E-03         16.1322E+03 
              600.001E-06        119.877E-03         16.6241E+03 
              633.336E-06        126.531E-03         16.9529E+03 
              666.67E-06         133.186E-03         17.2581E+03 
              700.005E-06        139.841E-03         17.5852E+03 
              733.333E-06        146.494E-03         17.8445E+03 
              766.668E-06        153.149E-03         18.0557E+03 
              800.003E-06        159.804E-03         18.2485E+03 
              833.337E-06        166.458E-03         18.427E+03  
              866.672E-06        173.113E-03         18.5915E+03 
              900.001E-06        179.766E-03         18.7408E+03 
              933.335E-06        186.421E-03         18.8767E+03 
              966.67E-06         193.076E-03         19.0019E+03 
                1.E-03           199.774E-03         19.1173E+03 
                1.03333E-03      206.489E-03         19.2235E+03 
                1.06667E-03      213.206E-03         19.3205E+03 
                1.1E-03          219.922E-03         19.4095E+03 
                1.13334E-03      226.638E-03         19.4919E+03 
                1.16667E-03      233.354E-03         19.57E+03   
                1.20001E-03      240.07E-03          19.6453E+03 
                1.23334E-03      246.786E-03         19.7165E+03 
                1.26667E-03      253.501E-03         19.7813E+03 
                1.3E-03          260.218E-03         19.8411E+03 
                1.33333E-03      266.934E-03         19.8978E+03 
                1.36667E-03      273.651E-03         19.9512E+03 
                1.4E-03          280.366E-03         20.0003E+03 
                1.43334E-03      287.083E-03         20.0464E+03 
                1.46667E-03      293.798E-03         20.0899E+03 
                1.5E-03          300.514E-03         20.1309E+03 
                1.53334E-03      307.231E-03         20.1691E+03 
                1.56667E-03      313.946E-03         20.2052E+03 
                1.60001E-03      320.663E-03         20.2391E+03 
                1.63334E-03      327.378E-03         20.271E+03  
                1.66667E-03      334.095E-03         20.301E+03  
                1.7E-03          340.811E-03         20.3293E+03 
                1.73333E-03      347.526E-03         20.3558E+03 
                1.76667E-03      354.243E-03         20.3806E+03 
                1.8E-03          360.958E-03         20.4038E+03 
                1.83334E-03      367.675E-03         20.4255E+03 
                1.86667E-03      374.391E-03         20.446E+03  
                1.90001E-03      381.107E-03         20.465E+03  
                1.93334E-03      387.823E-03         20.4828E+03 
                1.96667E-03      394.539E-03         20.4994E+03 
                2.E-03           401.255E-03         20.5149E+03 
                2.03333E-03      407.971E-03         20.5294E+03 
                2.06667E-03      414.687E-03         20.5428E+03 
                2.1E-03          421.403E-03         20.5552E+03 
                2.13334E-03      428.12E-03          20.5667E+03 
                2.16667E-03      434.835E-03         20.5772E+03 
                2.2E-03          441.551E-03         20.5868E+03 
                2.23334E-03      448.268E-03         20.5955E+03 
                2.26667E-03      454.983E-03         20.6033E+03 
                2.30001E-03      461.7E-03           20.6104E+03 
                2.33334E-03      468.415E-03         20.6166E+03 
                2.36667E-03      475.132E-03         20.6221E+03 
                2.4E-03          481.848E-03         20.6267E+03 
                2.43333E-03      488.563E-03         20.6306E+03 
                2.46667E-03      495.28E-03          20.6338E+03 
                2.5E-03          501.943E-03         20.6363E+03 
                2.53334E-03      508.58E-03          20.6381E+03 
                2.56667E-03      515.217E-03         20.6392E+03 
                2.60001E-03      521.855E-03         20.6396E+03 
                2.63334E-03      528.491E-03         20.6395E+03 
                2.66667E-03      535.128E-03         20.6386E+03 
                2.7E-03          541.765E-03         20.6372E+03 
                2.73334E-03      548.402E-03         20.6352E+03 
                2.76667E-03      555.04E-03          20.6325E+03 
                2.8E-03          561.676E-03         20.6292E+03 
                2.83333E-03      568.313E-03         20.6254E+03 
                2.86667E-03      574.95E-03          20.621E+03  
                2.9E-03          581.587E-03         20.616E+03  
                2.93334E-03      588.225E-03         20.6105E+03 
                2.96667E-03      594.861E-03         20.6045E+03 
                3.00001E-03      601.499E-03         20.5979E+03 
                3.03334E-03      608.135E-03         20.5908E+03 
                3.06667E-03      614.772E-03         20.5833E+03 
                3.1E-03          621.41E-03          20.5752E+03 
                3.13333E-03      628.046E-03         20.5667E+03 
                3.16667E-03      634.684E-03         20.5576E+03 
                3.2E-03          641.321E-03         20.5481E+03 
                3.23334E-03      647.959E-03         20.5382E+03 
                3.26667E-03      654.595E-03         20.5278E+03 
                3.3E-03          661.231E-03         20.5169E+03 
                3.33334E-03      667.869E-03         20.5056E+03 
                3.36667E-03      674.505E-03         20.4939E+03 
                3.4E-03          681.143E-03         20.4817E+03 
                3.43333E-03      687.78E-03          20.4691E+03 
                3.46667E-03      694.418E-03         20.4562E+03 
                3.5E-03          701.054E-03         20.4428E+03 
                3.53333E-03      707.691E-03         20.4289E+03 
                3.56667E-03      714.329E-03         20.4147E+03 
                3.6E-03          720.965E-03         20.4001E+03 
                3.63334E-03      727.603E-03         20.3851E+03 
                3.66667E-03      734.239E-03         20.3697E+03 
                3.70001E-03      740.877E-03         20.3539E+03 
                3.73334E-03      747.513E-03         20.3377E+03 
                3.76667E-03      754.151E-03         20.3212E+03 
                3.8E-03          760.788E-03         20.3044E+03 
                3.83333E-03      767.424E-03         20.2874E+03 
                3.86667E-03      774.055E-03         20.27E+03   
                3.9E-03          780.667E-03         20.2519E+03 
                3.93334E-03      787.396E-03         20.2333E+03 
                3.96667E-03      794.124E-03         20.2143E+03 
                4.00001E-03      800.853E-03         20.1951E+03 
                4.03334E-03      807.581E-03         20.1755E+03 
                4.06667E-03      814.177E-03         20.1558E+03 
                4.1E-03          820.742E-03         20.1357E+03 
                4.13334E-03      827.306E-03         20.1154E+03 
                4.16667E-03      833.87E-03          20.0948E+03 
                4.2E-03          840.434E-03         20.074E+03  
                4.23334E-03      846.918E-03         20.0529E+03 
                4.26667E-03      853.319E-03         20.0316E+03 
                4.3E-03          859.788E-03         20.0098E+03 
                4.33334E-03      866.721E-03         19.9862E+03 
                4.36667E-03      873.654E-03         19.9622E+03 
                4.4E-03          880.531E-03         19.938E+03  
                4.43334E-03      887.288E-03         19.9135E+03 
                4.46667E-03      894.043E-03         19.8889E+03 
                4.5E-03          900.799E-03         19.8639E+03 
                4.53333E-03      907.554E-03         19.8386E+03 
                4.56667E-03      914.273E-03         19.813E+03  
                4.6E-03          920.851E-03         19.7872E+03 
                4.63334E-03      927.428E-03         19.7613E+03 
                4.66667E-03      934.006E-03         19.7351E+03 
                4.7E-03          940.583E-03         19.7085E+03 
                4.73334E-03      947.161E-03         19.6817E+03 
                4.76667E-03      953.562E-03         19.6547E+03 
                4.8E-03          959.962E-03         19.6275E+03 
                4.83334E-03      966.367E-03         19.5999E+03 
                4.86667E-03      973.349E-03         19.5697E+03 
                4.9E-03          980.331E-03         19.5392E+03 
                4.93334E-03      987.148E-03         19.5082E+03 
                4.96667E-03      993.935E-03         19.4773E+03 
                5.E-03             1.00072           19.4458E+03 
                5.03333E-03        1.00732           19.4141E+03 
                5.06667E-03        1.01391           19.3821E+03 
                5.1E-03            1.02051           19.3498E+03 
                5.13334E-03        1.0271            19.3172E+03 
                5.16667E-03        1.03369           19.2844E+03 
                5.2E-03            1.04029           19.2514E+03 
                5.23333E-03        1.04688           19.2178E+03 
                5.26667E-03        1.05348           19.1839E+03 
                5.3E-03            1.06007           19.1499E+03 
                5.33334E-03        1.06635           19.1161E+03 
                5.36667E-03        1.07282           19.0802E+03 
                5.4E-03            1.07965           19.0417E+03 
                5.43333E-03        1.08647           19.0035E+03 
                5.46667E-03        1.0933            18.9651E+03 
                5.5E-03            1.10012           18.9255E+03 
                5.53333E-03        1.10695           18.8868E+03 
                5.56667E-03        1.11354           18.848E+03  
                5.6E-03            1.11994           18.8077E+03 
                5.63333E-03        1.12634           18.7682E+03 
                5.66667E-03        1.13274           18.7286E+03 
                5.7E-03            1.13934           18.6869E+03 
                5.73334E-03        1.14645           18.6424E+03 
                5.76667E-03        1.15347           18.5972E+03 
                5.8E-03            1.16011           18.552E+03  
                5.83334E-03        1.16674           18.5066E+03 
                5.86667E-03        1.17338           18.4611E+03 
                5.9E-03            1.18002           18.4156E+03 
                5.93334E-03        1.18665           18.3696E+03 
                5.96667E-03        1.19329           18.3238E+03 
                6.E-03             1.19946           18.2779E+03 
                6.03334E-03        1.20616           18.2275E+03 
                6.06667E-03        1.2131            18.1758E+03 
                6.1E-03            1.22003           18.124E+03  
                6.13333E-03        1.22696           18.0724E+03 
                6.16667E-03        1.2339            18.0202E+03 
                6.2E-03            1.24034           17.9686E+03 
                6.23334E-03        1.24674           17.9165E+03 
                6.26667E-03        1.25314           17.8648E+03 
                6.3E-03            1.25954           17.8127E+03 
                6.33334E-03        1.26594           17.7613E+03 
                6.36667E-03        1.27289           17.7049E+03 
                6.4E-03            1.28008           17.6463E+03 
                6.43333E-03        1.28679           17.5878E+03 
                6.46667E-03        1.29349           17.5292E+03 
                6.5E-03            1.3002            17.4706E+03 
                6.53333E-03        1.3069            17.4126E+03 
                6.56667E-03        1.3136            17.3546E+03 
                6.6E-03            1.32031           17.2971E+03 
                6.63334E-03        1.32697           17.2394E+03 
                6.66667E-03        1.33306           17.1826E+03 
                6.7E-03            1.33916           17.125E+03  
                6.73333E-03        1.34557           17.0654E+03 
                6.76667E-03        1.35268           16.9995E+03 
                6.8E-03            1.35979           16.9343E+03 
                6.83333E-03        1.3669            16.8685E+03 
                6.86667E-03        1.37401           16.8043E+03 
                6.9E-03            1.38091           16.739E+03  
                6.93333E-03        1.38731           16.6755E+03 
                6.96667E-03        1.39371           16.6108E+03 
                7.E-03             1.40011           16.5481E+03 
                7.03333E-03        1.40651           16.4849E+03 
                7.06667E-03        1.41291           16.4222E+03 
                7.1E-03            1.41931           16.3598E+03 
                7.13334E-03        1.42571           16.2983E+03 
                7.16667E-03        1.43224           16.2357E+03 
                7.2E-03            1.43965           16.163E+03  
                7.23333E-03        1.44648           16.09E+03   
                7.26667E-03        1.45331           16.0187E+03 
                7.3E-03            1.46013           15.9472E+03 
                7.33333E-03        1.46696           15.8763E+03 
                7.36667E-03        1.47379           15.8065E+03 
                7.4E-03            1.48061           15.7372E+03 
                7.43334E-03        1.48744           15.6683E+03 
                7.46667E-03        1.49427           15.5995E+03 
                7.5E-03            1.50109           15.5325E+03 
                7.53333E-03        1.50751           15.4653E+03 
                7.56667E-03        1.51348           15.3987E+03 
                7.6E-03            1.51946           15.3328E+03 
                7.63333E-03        1.52543           15.2674E+03 
                7.66667E-03        1.5314            15.2024E+03 
                7.7E-03            1.53738           15.1384E+03 
                7.73333E-03        1.54452           15.0619E+03 
                7.76667E-03        1.55198           14.9826E+03 
                7.8E-03            1.55945           14.9048E+03 
                7.83333E-03        1.56692           14.8275E+03 
                7.86667E-03        1.57438           14.7512E+03 
                7.9E-03            1.58185           14.6754E+03 
                7.93333E-03        1.58859           14.6005E+03 
                7.96667E-03        1.59499           14.5255E+03 
                8.E-03             1.60139           14.4515E+03 
                8.03333E-03        1.60779           14.3778E+03 
                8.06667E-03        1.61419           14.3039E+03 
                8.1E-03            1.62059           14.2308E+03 
                8.13333E-03        1.62699           14.1587E+03 
                8.16667E-03        1.63339           14.0865E+03 
                8.2E-03            1.63979           14.0164E+03 
                8.23333E-03        1.64619           13.9465E+03 
                8.26667E-03        1.65259           13.8773E+03 
                8.3E-03            1.65899           13.8093E+03 
                8.33333E-03        1.66539           13.7407E+03 
                8.36667E-03        1.67179           13.6739E+03 
                8.4E-03            1.67819           13.6065E+03 
                8.43333E-03        1.68424           13.5392E+03 
                8.46667E-03        1.68957           13.4737E+03 
                8.5E-03            1.6949            13.4083E+03 
                8.53333E-03        1.70024           13.343E+03  
                8.56667E-03        1.70557           13.2782E+03 
                8.6E-03            1.7109            13.214E+03  
                8.63333E-03        1.71624           13.1501E+03 
                8.66667E-03        1.72157           13.087E+03  
                8.7E-03            1.7269            13.0249E+03 
                8.73333E-03        1.73224           12.9628E+03 
                8.76667E-03        1.73757           12.9015E+03 
                8.8E-03            1.7429            12.8403E+03 
                8.83333E-03        1.74824           12.7797E+03 
                8.86667E-03        1.75357           12.7196E+03 
                8.9E-03            1.7589            12.6597E+03 
                8.93333E-03        1.76424           12.6004E+03 
                8.96667E-03        1.76957           12.5412E+03 
                9.E-03             1.77817           12.4483E+03 
                9.03333E-03        1.7876            12.3371E+03 
                9.06667E-03        1.79613           12.229E+03  
                9.1E-03            1.80466           12.1252E+03 
                9.13333E-03        1.8132            12.0255E+03 
                9.16667E-03        1.82173           11.9274E+03 
                9.2E-03            1.83026           11.8318E+03 
                9.23333E-03        1.8388            11.7366E+03 
                9.26667E-03        1.84733           11.6395E+03 
                9.3E-03            1.85586           11.5444E+03 
                9.33333E-03        1.8644            11.4525E+03 
                9.36667E-03        1.87293           11.3613E+03 
                9.4E-03            1.88146           11.2724E+03 
                9.43333E-03        1.89              11.1849E+03 
                9.46667E-03        1.89853           11.0986E+03 
                9.5E-03            1.90596           11.0151E+03 
                9.53333E-03        1.9132            10.9333E+03 
                9.56667E-03        1.92086           10.8514E+03 
                9.6E-03            1.9294            10.7692E+03 
                9.63333E-03        1.93793           10.686E+03  
                9.66667E-03        1.94646           10.6016E+03 
                9.7E-03            1.955             10.5186E+03 
                9.73333E-03        1.96145           10.4421E+03 
                9.76667E-03        1.96785           10.3675E+03 
                9.8E-03            1.97425           10.2929E+03 
                9.83333E-03        1.98065           10.2193E+03 
                9.86667E-03        1.98705           10.1486E+03 
                9.9E-03            1.99345           10.0796E+03 
                9.93333E-03        2.00105           10.013E+03  
                9.95568E-03        2.00677            9.96738E+03




