
                  X             Displacement          Force      

                0.                 0.                 6.64192    
               33.3351E-06         6.66633E-03       97.985      
               66.6681E-06        13.3311E-03       151.459      
              100.001E-06         19.9864E-03       341.415      
              133.335E-06         26.6494E-03       577.268      
              166.668E-06         33.3263E-03       562.271      
              200.001E-06         40.0032E-03       900.417      
              233.335E-06         46.6805E-03       967.965      
              266.668E-06         53.3574E-03       948.054      
              300.E-06            60.0343E-03         1.10355E+03
              333.335E-06         66.7286E-03         1.26997E+03
              366.668E-06         73.4332E-03         1.20135E+03
              400.E-06            80.1378E-03         1.54558E+03
              433.335E-06         86.843E-03          1.62023E+03
              466.668E-06         93.5408E-03         1.69162E+03
              500.E-06           100.16E-03           1.76138E+03
              533.335E-06        106.724E-03          1.8762E+03 
              566.669E-06        113.289E-03          1.82039E+03
              600.001E-06        119.853E-03          2.00313E+03
              633.335E-06        126.417E-03          2.11045E+03
              666.669E-06        132.981E-03          2.15036E+03
              700.001E-06        139.545E-03          2.16945E+03
              733.335E-06        146.109E-03          2.19564E+03
              766.667E-06        152.673E-03          2.38045E+03
              800.E-06           159.298E-03          2.36764E+03
              833.334E-06        166.035E-03          2.43077E+03
              866.667E-06        172.772E-03          2.42931E+03
              900.E-06           179.509E-03          2.50759E+03
              933.336E-06        186.246E-03          2.52732E+03
              966.669E-06        192.983E-03          2.56088E+03
                1.E-03           199.72E-03           2.55414E+03
                1.03334E-03      206.456E-03          2.61751E+03
                1.06667E-03      213.193E-03          2.61469E+03
                1.1E-03          219.93E-03           2.6453E+03 
                1.13333E-03      226.667E-03          2.65131E+03
                1.16667E-03      233.404E-03          2.68008E+03
                1.2E-03          240.141E-03          2.6876E+03 
                1.23333E-03      246.878E-03          2.70256E+03
                1.26667E-03      253.614E-03          2.70673E+03
                1.3E-03          260.351E-03          2.72886E+03
                1.33333E-03      267.088E-03          2.73243E+03
                1.36667E-03      273.825E-03          2.74326E+03
                1.4E-03          280.561E-03          2.75736E+03
                1.43333E-03      287.298E-03          2.76692E+03
                1.46667E-03      294.035E-03          2.76806E+03
                1.5E-03          300.772E-03          2.78315E+03
                1.53334E-03      307.509E-03          2.79247E+03
                1.56667E-03      314.246E-03          2.79054E+03
                1.6E-03          320.983E-03          2.8011E+03 
                1.63333E-03      327.719E-03          2.8154E+03 
                1.66667E-03      334.456E-03          2.81654E+03
                1.7E-03          340.99E-03           2.82052E+03
                1.73333E-03      347.502E-03          2.83116E+03
                1.76667E-03      354.014E-03          2.8356E+03 
                1.8E-03          360.527E-03          2.84105E+03
                1.83333E-03      367.039E-03          2.84421E+03
                1.86667E-03      373.551E-03          2.85356E+03
                1.9E-03          380.063E-03          2.85842E+03
                1.93333E-03      386.576E-03          2.8613E+03 
                1.96667E-03      393.234E-03          2.86702E+03
                2.E-03           400.109E-03          2.87167E+03
                2.03333E-03      406.983E-03          2.877E+03  
                2.06667E-03      413.857E-03          2.88312E+03
                2.1E-03          420.731E-03          2.88491E+03
                2.13333E-03      427.605E-03          2.89201E+03
                2.16667E-03      434.479E-03          2.89655E+03
                2.2E-03          441.353E-03          2.89956E+03
                2.23333E-03      448.227E-03          2.90525E+03
                2.26667E-03      455.101E-03          2.90886E+03
                2.3E-03          461.975E-03          2.913E+03  
                2.33334E-03      468.85E-03           2.91726E+03
                2.36667E-03      475.522E-03          2.92065E+03
                2.4E-03          482.159E-03          2.92447E+03
                2.43333E-03      488.796E-03          2.92873E+03
                2.46667E-03      495.433E-03          2.93214E+03
                2.5E-03          502.07E-03           2.93587E+03
                2.53333E-03      508.707E-03          2.93986E+03
                2.56667E-03      515.344E-03          2.9435E+03 
                2.6E-03          521.98E-03           2.94644E+03
                2.63333E-03      528.618E-03          2.95002E+03
                2.66667E-03      535.255E-03          2.95328E+03
                2.7E-03          541.892E-03          2.95685E+03
                2.73333E-03      548.529E-03          2.96028E+03
                2.76667E-03      555.166E-03          2.96354E+03
                2.8E-03          561.803E-03          2.96658E+03
                2.83333E-03      568.44E-03           2.96958E+03
                2.86667E-03      575.077E-03          2.97267E+03
                2.9E-03          581.714E-03          2.97593E+03
                2.93333E-03      588.352E-03          2.97904E+03
                2.96667E-03      594.988E-03          2.98193E+03
                3.E-03           601.447E-03          2.98476E+03
                3.03333E-03      607.61E-03           2.9878E+03 
                3.06667E-03      613.773E-03          2.99072E+03
                3.1E-03          619.936E-03          2.99361E+03
                3.13333E-03      626.099E-03          2.99633E+03
                3.16667E-03      632.415E-03          2.99918E+03
                3.2E-03          639.348E-03          3.0023E+03 
                3.23333E-03      646.282E-03          3.00542E+03
                3.26667E-03      653.215E-03          3.00839E+03
                3.3E-03          660.148E-03          3.01141E+03
                3.33333E-03      667.081E-03          3.01441E+03
                3.36667E-03      674.015E-03          3.01739E+03
                3.4E-03          680.948E-03          3.02027E+03
                3.43333E-03      687.881E-03          3.0232E+03 
                3.46667E-03      694.815E-03          3.026E+03  
                3.5E-03          701.748E-03          3.02878E+03
                3.53333E-03      708.682E-03          3.03159E+03
                3.56667E-03      715.615E-03          3.0343E+03 
                3.6E-03          722.548E-03          3.03706E+03
                3.63333E-03      729.481E-03          3.03976E+03
                3.66667E-03      736.415E-03          3.04238E+03
                3.7E-03          743.126E-03          3.04503E+03
                3.73333E-03      749.527E-03          3.04765E+03
                3.76667E-03      755.927E-03          3.05028E+03
                3.8E-03          762.326E-03          3.05285E+03
                3.83333E-03      768.726E-03          3.0554E+03 
                3.86667E-03      775.127E-03          3.05792E+03
                3.9E-03          781.527E-03          3.06042E+03
                3.93333E-03      787.926E-03          3.06291E+03
                3.96667E-03      794.327E-03          3.06539E+03
                4.E-03           800.727E-03          3.06782E+03
                4.03333E-03      807.126E-03          3.07021E+03
                4.06667E-03      813.526E-03          3.0727E+03 
                4.1E-03          819.927E-03          3.07513E+03
                4.13333E-03      826.327E-03          3.07749E+03
                4.16667E-03      832.727E-03          3.0798E+03 
                4.2E-03          839.127E-03          3.08222E+03
                4.23333E-03      845.527E-03          3.08452E+03
                4.26667E-03      851.926E-03          3.08683E+03
                4.3E-03          858.326E-03          3.08917E+03
                4.33333E-03      864.727E-03          3.09156E+03
                4.36667E-03      871.127E-03          3.09376E+03
                4.4E-03          877.526E-03          3.09607E+03
                4.43333E-03      883.927E-03          3.09833E+03
                4.46667E-03      890.327E-03          3.10061E+03
                4.5E-03          896.726E-03          3.10278E+03
                4.53333E-03      903.126E-03          3.10492E+03
                4.56667E-03      909.161E-03          3.10711E+03
                4.6E-03          915.027E-03          3.10931E+03
                4.63333E-03      920.894E-03          3.11137E+03
                4.66667E-03      926.761E-03          3.11348E+03
                4.7E-03          932.626E-03          3.11567E+03
                4.73333E-03      938.493E-03          3.11774E+03
                4.76667E-03      944.36E-03           3.11973E+03
                4.8E-03          950.226E-03          3.12183E+03
                4.83333E-03      956.093E-03          3.12384E+03
                4.86667E-03      961.96E-03           3.12589E+03
                4.9E-03          967.827E-03          3.1279E+03 
                4.93333E-03      973.694E-03          3.12983E+03
                4.96667E-03      979.561E-03          3.13185E+03
                5.E-03           985.428E-03          3.13381E+03
                5.03333E-03      991.294E-03          3.13579E+03
                5.06667E-03      997.161E-03          3.13769E+03
                5.1E-03            1.00303            3.13973E+03
                5.13333E-03        1.00889            3.14155E+03
                5.16667E-03        1.01476            3.14357E+03
                5.2E-03            1.02063            3.14542E+03
                5.23333E-03        1.02649            3.14751E+03
                5.26667E-03        1.03252            3.14963E+03
                5.3E-03            1.03963            3.15212E+03
                5.33333E-03        1.04674            3.15468E+03
                5.36667E-03        1.05385            3.15723E+03
                5.4E-03            1.06096            3.15977E+03
                5.43333E-03        1.06807            3.1623E+03 
                5.46667E-03        1.07518            3.16491E+03
                5.5E-03            1.08229            3.16737E+03
                5.53333E-03        1.0894             3.16988E+03
                5.56667E-03        1.09652            3.1724E+03 
                5.6E-03            1.10363            3.17492E+03
                5.63333E-03        1.11074            3.17738E+03
                5.66667E-03        1.11785            3.17985E+03
                5.7E-03            1.12496            3.18222E+03
                5.73333E-03        1.13207            3.1846E+03 
                5.76667E-03        1.13918            3.18704E+03
                5.8E-03            1.14629            3.18955E+03
                5.83333E-03        1.1534             3.19186E+03
                5.86667E-03        1.16052            3.19432E+03
                5.9E-03            1.16763            3.19672E+03
                5.93333E-03        1.17474            3.19913E+03
                5.96667E-03        1.18185            3.20135E+03
                6.E-03             1.18896            3.20392E+03
                6.03333E-03        1.19607            3.20632E+03
                6.06667E-03        1.20318            3.20872E+03
                6.1E-03            1.21029            3.21107E+03
                6.13333E-03        1.2174             3.21348E+03
                6.16667E-03        1.22451            3.21585E+03
                6.2E-03            1.23163            3.21818E+03
                6.23333E-03        1.23874            3.2205E+03 
                6.26667E-03        1.24585            3.22287E+03
                6.3E-03            1.25296            3.22538E+03
                6.33333E-03        1.26007            3.22782E+03
                6.36667E-03        1.26718            3.23012E+03
                6.4E-03            1.27429            3.23244E+03
                6.43333E-03        1.2814             3.23488E+03
                6.46667E-03        1.28852            3.23727E+03
                6.5E-03            1.29563            3.23967E+03
                6.53333E-03        1.30274            3.24224E+03
                6.56667E-03        1.30985            3.24462E+03
                6.6E-03            1.31696            3.24704E+03
                6.63333E-03        1.32407            3.24947E+03
                6.66667E-03        1.33118            3.25184E+03
                6.7E-03            1.33829            3.25428E+03
                6.73333E-03        1.3454             3.25672E+03
                6.76667E-03        1.35252            3.25919E+03
                6.8E-03            1.35963            3.26157E+03
                6.83333E-03        1.36674            3.26393E+03
                6.86667E-03        1.37385            3.2663E+03 
                6.9E-03            1.38096            3.2687E+03 
                6.93333E-03        1.38807            3.27099E+03
                6.96667E-03        1.39518            3.2731E+03 
                7.E-03             1.40229            3.27548E+03
                7.03333E-03        1.4094             3.27635E+03
                7.06667E-03        1.41651            3.27789E+03
                7.1E-03            1.42363            3.28048E+03
                7.13333E-03        1.43074            3.28159E+03
                7.16667E-03        1.43785            3.2855E+03 
                7.2E-03            1.44496            3.28722E+03
                7.23333E-03        1.45207            3.28921E+03
                7.26667E-03        1.45918            3.29137E+03
                7.3E-03            1.46629            3.29341E+03
                7.33333E-03        1.4734             3.29621E+03
                7.36667E-03        1.48051            3.29876E+03
                7.4E-03            1.48763            3.30146E+03
                7.43333E-03        1.49474            3.3014E+03 
                7.46667E-03        1.50185            3.30533E+03
                7.5E-03            1.50896            3.30728E+03
                7.53333E-03        1.51607            3.30984E+03
                7.56667E-03        1.52318            3.31297E+03
                7.6E-03            1.53029            3.3156E+03 
                7.63333E-03        1.5374             3.31687E+03
                7.66667E-03        1.54452            3.31957E+03
                7.7E-03            1.55163            3.32178E+03
                7.73333E-03        1.55874            3.32328E+03
                7.76667E-03        1.56585            3.32493E+03
                7.8E-03            1.57296            3.32764E+03
                7.83333E-03        1.57896            3.32851E+03
                7.86667E-03        1.58429            3.33042E+03
                7.9E-03            1.58963            3.33239E+03
                7.93333E-03        1.59496            3.3323E+03 
                7.96667E-03        1.60029            3.33449E+03
                8.E-03             1.60563            3.33627E+03
                8.03333E-03        1.61096            3.33997E+03
                8.06667E-03        1.61629            3.34147E+03
                8.1E-03            1.62163            3.34004E+03
                8.13333E-03        1.62696            3.34552E+03
                8.16667E-03        1.63229            3.34455E+03
                8.2E-03            1.63763            3.35024E+03
                8.23333E-03        1.64296            3.34707E+03
                8.26667E-03        1.64829            3.35236E+03
                8.3E-03            1.65363            3.35288E+03
                8.33333E-03        1.65896            3.3537E+03 
                8.36667E-03        1.66429            3.356E+03  
                8.4E-03            1.66963            3.35639E+03
                8.43333E-03        1.67496            3.36006E+03
                8.46667E-03        1.68029            3.36169E+03
                8.5E-03            1.68563            3.36417E+03
                8.53333E-03        1.69096            3.36401E+03
                8.56667E-03        1.69629            3.36731E+03
                8.6E-03            1.70163            3.36646E+03
                8.63333E-03        1.70696            3.37023E+03
                8.66667E-03        1.71229            3.37138E+03
                8.7E-03            1.71763            3.36958E+03
                8.73333E-03        1.72296            3.37277E+03
                8.76667E-03        1.72829            3.37524E+03
                8.8E-03            1.73363            3.37845E+03
                8.83333E-03        1.73896            3.3789E+03 
                8.86667E-03        1.74429            3.38209E+03
                8.9E-03            1.74963            3.38444E+03
                8.93333E-03        1.75496            3.3847E+03 
                8.96667E-03        1.76029            3.38551E+03
                9.E-03             1.76563            3.38659E+03
                9.03333E-03        1.77096            3.38849E+03
                9.06667E-03        1.77629            3.39097E+03
                9.1E-03            1.78163            3.39046E+03
                9.13333E-03        1.78696            3.39142E+03
                9.16667E-03        1.79229            3.39286E+03
                9.2E-03            1.79762            3.39612E+03
                9.23333E-03        1.80296            3.39805E+03
                9.26667E-03        1.80829            3.39853E+03
                9.3E-03            1.81363            3.39988E+03
                9.33333E-03        1.81896            3.40231E+03
                9.36667E-03        1.82429            3.40568E+03
                9.4E-03            1.82963            3.4033E+03 
                9.43333E-03        1.83496            3.40726E+03
                9.46667E-03        1.84029            3.40861E+03
                9.5E-03            1.84563            3.40767E+03
                9.53333E-03        1.85096            3.40771E+03
                9.56667E-03        1.85629            3.4055E+03 
                9.6E-03            1.86163            3.41124E+03
                9.63333E-03        1.86696            3.40867E+03
                9.66667E-03        1.87229            3.41359E+03
                9.7E-03            1.87763            3.41335E+03
                9.73333E-03        1.88296            3.41573E+03
                9.76667E-03        1.88829            3.41689E+03
                9.8E-03            1.89363            3.41654E+03
                9.83333E-03        1.89896            3.41285E+03
                9.86667E-03        1.90485            3.41868E+03
                9.9E-03            1.91551            3.41663E+03
                9.93333E-03        1.92618            3.43014E+03
                9.96667E-03        1.93666            3.44202E+03
               10.E-03             1.94519            3.39568E+03




