
                  X             Displacement          Force      

                0.                 0.                 5.33979    
               50.0038E-06         9.99987E-03        1.01127E+03
              100.003E-06         20.0016E-03         2.14539E+03
              150.001E-06         29.9982E-03         2.94329E+03
              200.005E-06         39.9908E-03         4.14085E+03
              250.001E-06         49.9848E-03         5.03554E+03
              300.004E-06         59.9995E-03         6.11041E+03
              350.E-06            70.0011E-03         7.15951E+03
              400.003E-06         80.0017E-03         7.93693E+03
              450.006E-06         90.0021E-03         9.00182E+03
              500.002E-06        100.001E-03          9.60032E+03
              550.005E-06        110.002E-03         10.324E+03  
              600.001E-06        120.001E-03         10.7851E+03 
              650.003E-06        130.002E-03         11.1315E+03 
              700.006E-06        140.002E-03         11.4396E+03 
              750.002E-06        150.002E-03         11.705E+03  
              800.005E-06        160.002E-03         11.9238E+03 
              850.001E-06        170.001E-03         12.0858E+03 
              900.004E-06        180.002E-03         12.247E+03  
              950.E-06           190.001E-03         12.3699E+03 
                1.E-03           200.002E-03         12.5102E+03 
                1.05001E-03      210.002E-03         12.6379E+03 
                1.1E-03          220.001E-03         12.7379E+03 
                1.15E-03         230.002E-03         12.8309E+03 
                1.2E-03          240.001E-03         12.9186E+03 
                1.25E-03         250.013E-03         12.9997E+03 
                1.30001E-03      260.071E-03         13.0763E+03 
                1.35E-03         270.127E-03         13.1429E+03 
                1.40001E-03      280.185E-03         13.2038E+03 
                1.45E-03         290.241E-03         13.2591E+03 
                1.5E-03          300.299E-03         13.3067E+03 
                1.55E-03         310.356E-03         13.3522E+03 
                1.6E-03          320.413E-03         13.3973E+03 
                1.65001E-03      330.471E-03         13.4355E+03 
                1.7E-03          340.443E-03         13.4713E+03 
                1.75E-03         350.386E-03         13.5068E+03 
                1.8E-03          360.329E-03         13.5363E+03 
                1.85E-03         370.272E-03         13.5676E+03 
                1.90001E-03      380.215E-03         13.5934E+03 
                1.95E-03         390.265E-03         13.6199E+03 
                2.00001E-03      400.323E-03         13.6432E+03 
                2.05E-03         410.379E-03         13.6657E+03 
                2.1E-03          420.437E-03         13.6863E+03 
                2.15E-03         430.493E-03         13.7056E+03 
                2.2E-03          440.551E-03         13.7236E+03 
                2.25001E-03      450.609E-03         13.7397E+03 
                2.3E-03          460.665E-03         13.7552E+03 
                2.35E-03         470.722E-03         13.7688E+03 
                2.4E-03          480.779E-03         13.7816E+03 
                2.45E-03         490.837E-03         13.7936E+03 
                2.50001E-03      500.895E-03         13.8047E+03 
                2.55E-03         510.951E-03         13.8146E+03 
                2.6E-03          521.008E-03         13.8235E+03 
                2.65E-03         531.065E-03         13.8316E+03 
                2.7E-03          541.123E-03         13.8389E+03 
                2.75E-03         551.179E-03         13.8454E+03 
                2.8E-03          561.237E-03         13.851E+03  
                2.85001E-03      571.294E-03         13.8559E+03 
                2.9E-03          581.351E-03         13.8602E+03 
                2.95E-03         591.408E-03         13.8637E+03 
                3.E-03           601.465E-03         13.8666E+03 
                3.05E-03         611.523E-03         13.8689E+03 
                3.10001E-03      621.581E-03         13.8705E+03 
                3.15E-03         631.636E-03         13.8715E+03 
                3.2E-03          641.694E-03         13.872E+03  
                3.25E-03         651.75E-03          13.8718E+03 
                3.3E-03          661.808E-03         13.8711E+03 
                3.35E-03         671.865E-03         13.8697E+03 
                3.4E-03          681.923E-03         13.8678E+03 
                3.45001E-03      691.98E-03          13.8653E+03 
                3.5E-03          702.037E-03         13.8623E+03 
                3.55E-03         712.094E-03         13.8587E+03 
                3.6E-03          722.15E-03          13.8547E+03 
                3.65E-03         732.208E-03         13.85E+03   
                3.70001E-03      742.266E-03         13.8449E+03 
                3.75E-03         752.323E-03         13.8392E+03 
                3.8E-03          762.38E-03          13.8329E+03 
                3.85E-03         772.437E-03         13.8262E+03 
                3.9E-03          782.494E-03         13.8189E+03 
                3.95E-03         792.55E-03          13.8112E+03 
                4.E-03           802.608E-03         13.8028E+03 
                4.05001E-03      812.665E-03         13.794E+03  
                4.1E-03          822.723E-03         13.7846E+03 
                4.15E-03         832.779E-03         13.7748E+03 
                4.2E-03          842.836E-03         13.7644E+03 
                4.25E-03         852.817E-03         13.7536E+03 
                4.30001E-03      862.645E-03         13.7422E+03 
                4.35E-03         872.472E-03         13.7304E+03 
                4.4E-03          882.302E-03         13.7181E+03 
                4.45E-03         892.129E-03         13.7054E+03 
                4.5E-03          901.959E-03         13.6922E+03 
                4.55E-03         911.716E-03         13.6786E+03 
                4.6E-03          921.315E-03         13.6645E+03 
                4.65E-03         931.306E-03         13.6493E+03 
                4.70001E-03      941.646E-03         13.6331E+03 
                4.75E-03         951.984E-03         13.6164E+03 
                4.8E-03          962.322E-03         13.599E+03  
                4.85E-03         972.66E-03          13.581E+03  
                4.9E-03          982.999E-03         13.5625E+03 
                4.95E-03         993.337E-03         13.5434E+03 
                5.E-03             1.00368           13.5236E+03 
                5.05E-03           1.01401           13.5032E+03 
                5.1E-03            1.02435           13.4822E+03 
                5.15E-03           1.03469           13.4605E+03 
                5.2E-03            1.04503           13.4381E+03 
                5.25001E-03        1.05537           13.4151E+03 
                5.3E-03            1.0655            13.3914E+03 
                5.35E-03           1.07535           13.3669E+03 
                5.4E-03            1.08519           13.3417E+03 
                5.45E-03           1.09504           13.3156E+03 
                5.5E-03            1.10489           13.2889E+03 
                5.55E-03           1.11473           13.2614E+03 
                5.6E-03            1.12458           13.233E+03  
                5.65E-03           1.13443           13.2039E+03 
                5.70001E-03        1.14427           13.174E+03  
                5.75E-03           1.15412           13.1433E+03 
                5.8E-03            1.16397           13.1117E+03 
                5.85E-03           1.17381           13.0793E+03 
                5.9E-03            1.18366           13.0461E+03 
                5.95E-03           1.1935            13.0119E+03 
                6.E-03             1.20335           12.9769E+03 
                6.05E-03           1.2132            12.941E+03  
                6.1E-03            1.22304           12.9041E+03 
                6.15001E-03        1.23289           12.8664E+03 
                6.2E-03            1.24273           12.8277E+03 
                6.25E-03           1.25258           12.788E+03  
                6.3E-03            1.26243           12.7473E+03 
                6.35E-03           1.27259           12.7043E+03 
                6.4E-03            1.28292           12.6581E+03 
                6.45E-03           1.29305           12.6113E+03 
                6.5E-03            1.30319           12.5639E+03 
                6.55E-03           1.31332           12.5158E+03 
                6.6E-03            1.32293           12.4674E+03 
                6.65E-03           1.33259           12.418E+03  
                6.7E-03            1.34307           12.364E+03  
                6.75E-03           1.35323           12.3095E+03 
                6.8E-03            1.36312           12.2544E+03 
                6.85E-03           1.37301           12.1989E+03 
                6.9E-03            1.38275           12.1429E+03 
                6.95E-03           1.39295           12.0811E+03 
                7.E-03             1.40319           12.0186E+03 
                7.05E-03           1.41328           11.9556E+03 
                7.1E-03            1.42288           11.8922E+03 
                7.15E-03           1.43272           11.8269E+03 
                7.2E-03            1.4432            11.7557E+03 
                7.25E-03           1.45316           11.6842E+03 
                7.3E-03            1.46311           11.6123E+03 
                7.35E-03           1.47283           11.5404E+03 
                7.4E-03            1.48289           11.4618E+03 
                7.45E-03           1.49329           11.3807E+03 
                7.5E-03            1.50319           11.2999E+03 
                7.55E-03           1.51279           11.2191E+03 
                7.6E-03            1.52288           11.1346E+03 
                7.65E-03           1.53315           11.043E+03  
                7.7E-03            1.54321           10.9519E+03 
                7.75E-03           1.55327           10.8616E+03 
                7.8E-03            1.56261           10.7717E+03 
                7.85E-03           1.57289           10.6715E+03 
                7.9E-03            1.58356           10.5685E+03 
                7.95E-03           1.59363           10.4664E+03 
                8.E-03             1.60323           10.3656E+03 
                8.05E-03           1.61283           10.2658E+03 
                8.1E-03            1.62243           10.1672E+03 
                8.15E-03           1.63127           10.0698E+03 
                8.2E-03            1.63981            9.97344E+03
                8.25E-03           1.64834            9.87821E+03
                8.3E-03            1.65862            9.76548E+03
                8.35E-03           1.67102            9.62729E+03
                8.4E-03            1.68222            9.49227E+03
                8.45E-03           1.69342            9.35982E+03
                8.5E-03            1.70462            9.23046E+03
                8.55E-03           1.71582            9.10357E+03
                8.6E-03            1.72599            8.9802E+03 
                8.65E-03           1.73559            8.86055E+03
                8.7E-03            1.74519            8.74323E+03
                8.75E-03           1.75479            8.62863E+03
                8.8E-03            1.76439            8.51715E+03
                8.85E-03           1.77399            8.4085E+03 
                8.9E-03            1.78359            8.30273E+03
                8.95E-03           1.79192            8.20044E+03
                9.E-03             1.79992            8.10089E+03
                9.05E-03           1.80792            8.00366E+03
                9.1E-03            1.81593            7.90951E+03
                9.15E-03           1.82392            7.81806E+03
                9.2E-03            1.83192            7.72889E+03
                9.25E-03           1.83992            7.64132E+03
                9.3E-03            1.84792            7.55591E+03
                9.35E-03           1.85724            7.4593E+03 
                9.4E-03            1.87324            7.30206E+03
                9.45E-03           1.88646            7.15182E+03
                9.5E-03            1.89926            7.00794E+03
                9.55E-03           1.91206            6.87046E+03
                9.6E-03            1.92486            6.74125E+03
                9.65E-03           1.93766            6.61864E+03
                9.7E-03            1.95046            6.5047E+03 
                9.75E-03           1.96281            6.3997E+03 
                9.8E-03            1.97241            6.30044E+03
                9.85E-03           1.98481            6.20163E+03
                9.9E-03            1.99464            6.10728E+03
                9.95E-03           2.00424            6.01874E+03
               10.E-03             2.01384            5.93677E+03




