
                  X             Displacement          Force      

                0.                 0.                 7.00834    
               50.0056E-06         7.50079E-03      874.245      
              100.006E-06         15.0038E-03         1.55953E+03
              150.001E-06         22.4994E-03         2.61885E+03
              200.004E-06         29.9928E-03         3.22922E+03
              250.003E-06         37.4931E-03         4.24971E+03
              300.003E-06         45.0079E-03         5.00003E+03
              350.004E-06         52.5227E-03         5.85131E+03
              400.004E-06         60.0376E-03         6.64429E+03
              450.006E-06         67.5422E-03         7.45941E+03
              500.003E-06         75.0433E-03         8.24539E+03
              550.004E-06         82.545E-03          8.89986E+03
              600.004E-06         90.0467E-03         9.78436E+03
              650.001E-06         97.5478E-03        10.2428E+03 
              700.001E-06        105.05E-03          10.7463E+03 
              750.002E-06        112.551E-03         11.3153E+03 
              800.002E-06        120.053E-03         11.6375E+03 
              850.003E-06        127.555E-03         11.9304E+03 
              900.003E-06        135.056E-03         12.1875E+03 
              950.004E-06        142.558E-03         12.4185E+03 
                1.E-03           150.059E-03         12.6156E+03 
                1.05001E-03      157.562E-03         12.7768E+03 
                1.10001E-03      165.063E-03         12.9256E+03 
                1.15E-03         172.565E-03         13.0792E+03 
                1.2E-03          180.066E-03         13.187E+03  
                1.25001E-03      187.569E-03         13.3144E+03 
                1.3E-03          195.069E-03         13.4103E+03 
                1.35E-03         202.571E-03         13.5157E+03 
                1.40001E-03      210.073E-03         13.6032E+03 
                1.45001E-03      217.575E-03         13.6828E+03 
                1.5E-03          225.076E-03         13.7596E+03 
                1.55001E-03      232.578E-03         13.8336E+03 
                1.6E-03          240.08E-03          13.8964E+03 
                1.65001E-03      247.582E-03         13.9533E+03 
                1.7E-03          255.041E-03         14.0049E+03 
                1.75E-03         262.491E-03         14.053E+03  
                1.8E-03          269.94E-03          14.0979E+03 
                1.85E-03         277.389E-03         14.1402E+03 
                1.9E-03          284.839E-03         14.1772E+03 
                1.95E-03         292.288E-03         14.2134E+03 
                2.E-03           299.853E-03         14.2473E+03 
                2.05E-03         307.426E-03         14.2784E+03 
                2.1E-03          315.E-03            14.3077E+03 
                2.15001E-03      322.574E-03         14.3345E+03 
                2.2E-03          330.147E-03         14.3603E+03 
                2.25E-03         337.72E-03          14.3824E+03 
                2.3E-03          345.293E-03         14.4033E+03 
                2.35E-03         352.867E-03         14.4222E+03 
                2.4E-03          360.439E-03         14.4387E+03 
                2.45001E-03      368.013E-03         14.4547E+03 
                2.5E-03          375.586E-03         14.468E+03  
                2.55E-03         383.062E-03         14.4803E+03 
                2.60001E-03      390.53E-03          14.4921E+03 
                2.65E-03         397.996E-03         14.5022E+03 
                2.7E-03          405.462E-03         14.5101E+03 
                2.75E-03         412.93E-03          14.519E+03  
                2.80001E-03      420.397E-03         14.525E+03  
                2.85E-03         427.863E-03         14.5314E+03 
                2.9E-03          435.237E-03         14.5355E+03 
                2.95E-03         442.597E-03         14.539E+03  
                3.00001E-03      450.12E-03          14.541E+03  
                3.05001E-03      457.734E-03         14.5428E+03 
                3.1E-03          465.347E-03         14.5451E+03 
                3.15E-03         472.961E-03         14.5434E+03 
                3.2E-03          480.471E-03         14.5425E+03 
                3.25E-03         487.974E-03         14.5403E+03 
                3.3E-03          495.478E-03         14.538E+03  
                3.35E-03         502.981E-03         14.5344E+03 
                3.4E-03          510.485E-03         14.5298E+03 
                3.45001E-03      517.989E-03         14.5251E+03 
                3.50001E-03      525.492E-03         14.5195E+03 
                3.55E-03         532.876E-03         14.5126E+03 
                3.6E-03          540.32E-03          14.5052E+03 
                3.65E-03         547.863E-03         14.4971E+03 
                3.70001E-03      555.406E-03         14.4881E+03 
                3.75E-03         562.948E-03         14.478E+03  
                3.8E-03          570.492E-03         14.4676E+03 
                3.85E-03         578.034E-03         14.4564E+03 
                3.9E-03          585.578E-03         14.4445E+03 
                3.95E-03         593.02E-03          14.4317E+03 
                4.E-03           600.334E-03         14.4184E+03 
                4.05001E-03      607.649E-03         14.4046E+03 
                4.1E-03          614.963E-03         14.3898E+03 
                4.15E-03         622.278E-03         14.3747E+03 
                4.2E-03          629.591E-03         14.3588E+03 
                4.25E-03         636.906E-03         14.3422E+03 
                4.30001E-03      644.22E-03          14.3251E+03 
                4.35E-03         651.535E-03         14.3073E+03 
                4.4E-03          659.264E-03         14.2876E+03 
                4.45E-03         667.141E-03         14.2668E+03 
                4.5E-03          674.94E-03          14.2453E+03 
                4.55E-03         682.571E-03         14.2229E+03 
                4.6E-03          690.202E-03         14.1997E+03 
                4.65E-03         697.832E-03         14.1758E+03 
                4.7E-03          705.463E-03         14.1508E+03 
                4.75001E-03      713.095E-03         14.1255E+03 
                4.8E-03          720.725E-03         14.0989E+03 
                4.85E-03         728.356E-03         14.0718E+03 
                4.9E-03          735.987E-03         14.0439E+03 
                4.95E-03         743.618E-03         14.0152E+03 
                5.E-03           751.248E-03         13.9857E+03 
                5.05E-03         758.879E-03         13.9554E+03 
                5.1E-03          766.338E-03         13.9246E+03 
                5.15E-03         773.723E-03         13.8925E+03 
                5.20001E-03      781.108E-03         13.8602E+03 
                5.25E-03         788.492E-03         13.8271E+03 
                5.3E-03          795.877E-03         13.793E+03  
                5.35E-03         803.261E-03         13.7583E+03 
                5.4E-03          810.646E-03         13.7231E+03 
                5.45E-03         818.031E-03         13.6871E+03 
                5.5E-03          825.357E-03         13.6502E+03 
                5.55E-03         832.495E-03         13.6126E+03 
                5.6E-03          839.634E-03         13.5744E+03 
                5.65001E-03      846.773E-03         13.5353E+03 
                5.7E-03          853.953E-03         13.4951E+03 
                5.75E-03         861.686E-03         13.4506E+03 
                5.8E-03          869.419E-03         13.4055E+03 
                5.85E-03         877.153E-03         13.3591E+03 
                5.9E-03          884.886E-03         13.312E+03  
                5.95E-03         892.62E-03          13.2634E+03 
                6.E-03           900.352E-03         13.2141E+03 
                6.05E-03         908.086E-03         13.1632E+03 
                6.1E-03          915.82E-03          13.1118E+03 
                6.15E-03         923.389E-03         13.0592E+03 
                6.2E-03          930.855E-03         13.0063E+03 
                6.25E-03         938.322E-03         12.9528E+03 
                6.3E-03          945.523E-03         12.8985E+03 
                6.35E-03         953.125E-03         12.841E+03  
                6.4E-03          960.812E-03         12.7809E+03 
                6.45E-03         968.376E-03         12.7202E+03 
                6.5E-03          975.853E-03         12.6592E+03 
                6.55E-03         983.125E-03         12.5975E+03 
                6.6E-03          990.584E-03         12.5336E+03 
                6.65E-03         998.264E-03         12.4651E+03 
                6.7E-03            1.00594           12.3955E+03 
                6.75E-03           1.01362           12.3262E+03 
                6.8E-03            1.02072           12.2563E+03 
                6.85E-03           1.028             12.1833E+03 
                6.9E-03            1.03582           12.105E+03  
                6.95E-03           1.04364           12.0258E+03 
                7.E-03             1.051             11.9466E+03 
                7.05E-03           1.05811           11.8671E+03 
                7.1E-03            1.06539           11.7856E+03 
                7.15E-03           1.07339           11.6955E+03 
                7.2E-03            1.08127           11.6056E+03 
                7.25E-03           1.08847           11.5156E+03 
                7.3E-03            1.09567           11.4251E+03 
                7.35E-03           1.10287           11.3352E+03 
                7.4E-03            1.11065           11.2381E+03 
                7.45E-03           1.11876           11.1353E+03 
                7.5E-03            1.12608           11.0326E+03 
                7.55E-03           1.13339           10.9306E+03 
                7.6E-03            1.14071           10.8288E+03 
                7.65E-03           1.14802           10.7269E+03 
                7.7E-03            1.15533           10.626E+03  
                7.75E-03           1.16352           10.5093E+03 
                7.8E-03            1.17099           10.3927E+03 
                7.85E-03           1.17846           10.277E+03  
                7.9E-03            1.18592           10.1621E+03 
                7.95E-03           1.19339           10.0475E+03 
                8.E-03             1.20086            9.93431E+03
                8.05E-03           1.20832            9.82222E+03
                8.1E-03            1.21562            9.71058E+03
                8.15E-03           1.22202            9.60034E+03
                8.2E-03            1.22842            9.49059E+03
                8.25E-03           1.23482            9.38147E+03
                8.3E-03            1.24123            9.27365E+03
                8.35E-03           1.24762            9.16773E+03
                8.4E-03            1.25402            9.06247E+03
                8.45E-03           1.26321            8.91288E+03
                8.5E-03            1.27281            8.75893E+03
                8.55E-03           1.28241            8.6084E+03 
                8.6E-03            1.29053            8.46073E+03
                8.65E-03           1.29853            8.31529E+03
                8.7E-03            1.30653            8.17308E+03
                8.75E-03           1.31453            8.03346E+03
                8.8E-03            1.32253            7.89655E+03
                8.85E-03           1.33053            7.76092E+03
                8.9E-03            1.33853            7.62958E+03
                8.95E-03           1.34653            7.50288E+03
                9.E-03             1.35453            7.3812E+03 
                9.05E-03           1.36253            7.26226E+03
                9.1E-03            1.37053            7.14564E+03
                9.15E-03           1.37853            7.03054E+03
                9.2E-03            1.38517            6.91638E+03
                9.25E-03           1.39157            6.8039E+03 
                9.3E-03            1.39797            6.69443E+03
                9.35E-03           1.40437            6.58813E+03
                9.4E-03            1.41077            6.48388E+03
                9.45E-03           1.41717            6.38129E+03
                9.5E-03            1.42357            6.28003E+03
                9.55E-03           1.42997            6.18015E+03
                9.6E-03            1.43637            6.08174E+03
                9.65E-03           1.44277            5.98616E+03
                9.7E-03            1.44917            5.89886E+03
                9.75E-03           1.45557            5.81842E+03
                9.8E-03            1.46197            5.74037E+03
                9.85E-03           1.46837            5.66424E+03
                9.9E-03            1.47477            5.59015E+03
                9.95E-03           1.48117            5.51765E+03
               10.E-03             1.48757            5.44616E+03




